-118.448435	9.300000
-115.778835	6.800000
-113.112170	13.500000
-110.446257	-14.400000
-107.783276	-0.700000
-105.118866	1.800000
-102.457386	-10.600000
-99.794476	4.900000
-97.136674	-2.000000
-94.477441	-2.600000
-91.818958	-4.800000
-89.163398	2.200000
-86.506410	-18.100000
-83.854519	-1.700000
-81.201199	15.800000
-78.550799	-7.800000
-75.898969	16.600000
-73.252230	18.100000
-70.604061	-7.400000
-67.956636	-1.100000
-65.312124	-1.200000
-62.666184	-13.700000
-60.025325	-15.300000
-57.383037	7.800000
-54.743657	1.700000
-52.102849	8.300000
-49.462781	8.500000
-46.827785	1.500000
-44.191360	-4.000000
-41.557839	16.200000
-38.922889	9.200000
-36.293004	6.800000
-33.659527	-4.700000
-31.031112	3.800000
-28.403430	9.100000
-25.774321	-13.900000
-23.150268	14.200000
-20.522626	12.500000
-17.900037	3.300000
-15.278180	11.100000
-12.657053	8.600000
-10.036656	56.700000
-7.419147	168.100000
-4.800210	527.900000
-2.184159	1454.400000
0.431164	2842.000000
3.045760	1565.200000
5.657473	216.000000
8.270615	16.500000
10.878723	22.200000
13.490413	-19.100000
16.097072	9.500000
18.705159	2.500000
21.312522	0.600000
23.914860	5.100000
26.520776	8.800000
29.121670	-1.900000
31.723992	-6.800000
34.321297	-13.800000
36.922177	13.400000
39.518043	-7.400000
42.115336	9.300000
44.711910	-7.700000
47.303475	2.800000
49.896468	-7.200000
52.486600	3.300000
55.078160	-4.100000
57.666860	-0.900000
60.256987	-9.900000
62.842116	2.600000
65.428671	2.100000
68.014513	-4.400000
70.597501	-13.300000
73.181915	-4.800000
75.759201	-1.100000
78.340053	-7.100000
80.918056	13.000000
83.495349	10.700000
86.074068	-3.700000
88.647806	4.700000
91.222970	17.000000
93.795291	-1.100000
96.366904	-7.600000
98.935677	-6.100000
101.505877	1.300000
104.073239	7.000000
106.642026	-4.700000
109.207977	7.200000
111.771093	-7.300000
114.337765	-0.700000
116.895216	6.800000
119.458352	14.900000
122.016529	23.000000
124.578259	13.700000
127.135034	41.300000
129.693234	51.500000
132.246482	52.300000
134.799031	69.400000
137.355131	111.800000
139.906284	136.800000
142.456738	177.000000
145.006496	210.700000
147.553434	243.500000
150.099676	258.200000
152.647344	246.100000
155.194317	262.100000
157.736353	254.200000
160.277696	259.600000
162.818346	261.600000
165.360422	240.500000
167.899687	262.300000
170.436142	272.400000
172.971907	244.400000
175.509097	261.800000
178.045595	268.300000
180.579288	245.500000
183.110178	255.400000
185.640379	243.700000
188.172005	287.800000
190.700830	254.300000
193.226856	262.500000
195.752197	256.500000
198.278962	247.800000
200.802930	263.500000
203.326214	246.500000
205.848813	247.800000
208.368619	254.600000
210.887742	233.800000
213.406182	252.200000
215.926046	260.300000
218.438909	260.300000
220.955303	269.100000
223.471015	256.500000
225.981838	267.400000
228.494085	275.300000
231.003549	256.500000
233.512335	273.100000
236.020443	260.500000
238.529974	269.800000
241.034625	267.400000
243.538601	286.300000
246.044000	279.900000
248.544524	274.600000
251.048571	290.500000
253.545648	256.300000
256.046247	283.600000
258.544075	286.800000
261.041230	260.800000
263.537712	258.300000
266.029331	249.700000
268.524470	256.400000
271.016843	262.500000
273.508545	254.300000
275.997483	270.900000
278.487846	257.400000
280.975447	276.300000
283.460288	266.000000
285.948643	274.600000
288.430059	268.300000
290.914989	274.200000
293.395074	287.900000
295.878671	282.700000
298.357425	289.200000
300.837603	305.900000
303.315028	302.200000
305.791790	296.000000
308.267889	298.000000
310.741239	282.200000
313.213927	279.300000
315.685954	258.100000
318.157320	277.700000
320.625942	301.700000
323.093904	289.400000
325.563289	275.800000
328.027850	279.800000
330.495916	268.300000
332.959162	247.100000
335.421750	273.000000
337.883682	259.700000
340.344957	265.600000
342.803498	254.400000
345.263461	252.000000
347.720691	241.700000
350.177267	252.800000
352.633189	247.600000
355.086382	264.200000
357.540996	228.300000
359.990809	232.200000
362.444119	219.900000
364.892629	232.800000
367.340489	220.900000
369.789770	210.700000
372.234258	215.500000
374.680168	205.200000
377.125429	203.700000
379.567970	205.700000
382.009864	213.700000
384.451111	195.300000
386.889642	215.500000
389.329595	210.000000
391.766834	204.600000
394.201361	207.900000
396.639376	221.800000
399.072614	200.700000
401.507274	196.300000
403.937160	182.000000
406.370532	192.800000
408.799134	195.500000
411.227095	207.900000
413.656476	188.800000
416.081092	195.300000
418.507130	183.500000
420.932527	182.100000
423.357284	185.400000
425.777283	197.300000
428.198703	196.500000
430.617426	154.800000
433.037570	192.200000
435.455019	184.700000
437.873888	170.000000
440.290064	153.800000
442.701493	171.100000
445.116398	147.500000
447.528613	156.200000
449.940194	172.200000
452.351141	155.300000
454.759402	136.400000
457.167030	143.600000
459.574027	141.100000
461.980391	138.800000
464.384073	134.900000
466.787125	148.000000
469.189547	141.000000
471.591340	147.000000
473.990454	145.900000
476.390988	146.500000
478.790893	127.400000
481.186075	155.600000
483.584724	139.200000
485.978653	145.100000
488.371956	170.200000
490.764633	184.400000
493.156685	176.600000
495.550156	202.600000
497.938914	218.100000
500.325006	282.600000
502.712518	342.500000
505.099406	468.800000
507.483631	620.600000
509.869275	881.800000
512.252256	1310.200000
514.632577	1747.200000
517.014317	2207.900000
519.393398	2289.900000
521.773898	2097.800000
524.151740	1752.300000
526.526927	1458.700000
528.901496	1177.900000
531.277484	1030.200000
533.650818	890.900000
536.025570	784.300000
538.395637	693.900000
540.765088	641.400000
543.135957	571.600000
545.502146	533.100000
547.869753	480.000000
550.234714	451.100000
552.599062	442.000000
554.962798	408.700000
557.327951	406.700000
559.688431	374.000000
562.050330	345.100000
564.409589	342.600000
566.766209	345.400000
569.126274	335.900000
571.479649	316.700000
573.836468	307.600000
576.190651	306.400000
578.544227	285.200000
580.897194	276.300000
583.247530	261.100000
585.599282	261.600000
587.944358	269.000000
590.294898	249.300000
592.638765	256.700000
594.988092	235.700000
597.332772	244.200000
599.674826	228.000000
602.018298	230.300000
604.359147	254.700000
606.699394	222.900000
609.037020	242.600000
611.378081	266.400000
613.714504	272.400000
616.052345	258.900000
618.387567	271.800000
620.720174	260.000000
623.054197	248.700000
625.385607	240.000000
627.716418	230.700000
630.046631	221.900000
632.376246	229.700000
634.701239	232.900000
637.031673	235.600000
639.357485	202.900000
641.680691	218.400000
644.005312	194.900000
646.327329	206.500000
648.648751	202.500000
650.967570	220.700000
653.287805	204.800000
655.607447	189.700000
657.924488	209.300000
660.240937	209.100000
662.554788	204.900000
664.870055	196.900000
667.182725	198.900000
669.496810	208.400000
671.806295	197.600000
674.117196	193.000000
676.425504	209.000000
678.733224	191.300000
681.042359	183.200000
683.346901	193.300000
685.650856	179.400000
687.954226	175.700000
690.259010	188.600000
692.559208	201.500000
694.860820	187.700000
697.161848	198.800000
699.458293	171.900000
701.756154	191.200000
704.053431	180.500000
706.350125	149.200000
708.642243	169.400000
710.937772	177.500000
713.228728	183.200000
715.521098	167.200000
717.810892	169.200000
720.100107	181.300000
722.388741	168.300000
724.674804	173.300000
726.962280	181.000000
729.247186	175.500000
731.531513	162.000000
733.813272	164.300000
736.096445	166.900000
738.379041	184.700000
740.657082	175.300000
742.936536	160.500000
745.215415	154.400000
747.493718	166.000000
749.767472	156.600000
752.042640	168.300000
754.317234	144.500000
756.589268	162.100000
758.862716	169.800000
761.133606	148.600000
763.401940	169.400000
765.671687	148.400000
767.938880	175.300000
770.205502	154.300000
772.471555	165.100000
774.735055	157.700000
776.999969	171.500000
779.264313	152.200000
781.524128	159.500000
783.785356	134.900000
786.046015	157.400000
788.304129	148.500000
790.559698	165.000000
792.818658	176.200000
795.071119	164.900000
797.328947	140.100000
799.582255	164.300000
801.833024	158.500000
804.085205	182.500000
806.334848	157.300000
808.585902	149.100000
810.832445	159.700000
813.080400	149.100000
815.325821	162.800000
817.572653	151.100000
819.818924	167.500000
822.060691	147.100000
824.305840	138.000000
826.544517	142.600000
828.786577	154.700000
831.024138	117.200000
833.263110	122.600000
835.499556	126.000000
837.737413	154.200000
839.972745	142.300000
842.205554	160.600000
844.439774	146.400000
846.671472	126.300000
848.902615	131.500000
851.133203	154.200000
853.363236	146.000000
855.592716	128.400000
857.817714	140.400000
860.046087	146.200000
862.269981	130.600000
864.495285	131.700000
866.716114	146.800000
868.940315	137.800000
871.160043	152.500000
873.381182	131.500000
875.601770	141.100000
877.819848	116.200000
880.039337	144.200000
882.254359	151.600000
884.468833	147.500000
886.682760	135.200000
888.896139	150.700000
891.108971	133.200000
893.321257	129.400000
895.531040	142.200000
897.740278	133.300000
899.948971	137.800000
902.155165	134.500000
904.362768	147.300000
906.567874	133.800000
908.772436	139.200000
910.974502	138.400000
913.177978	153.300000
915.378960	136.400000
917.579401	148.600000
919.781249	163.200000
921.976707	154.500000
924.175524	170.700000
926.369902	172.300000
928.567638	186.500000
930.760938	214.700000
932.955647	230.900000
935.147870	258.000000
937.339555	278.900000
939.530702	303.100000
941.719366	314.000000
943.907493	319.900000
946.093140	310.100000
948.282139	321.600000
950.466715	309.300000
952.650756	326.800000
954.838147	303.200000
957.017234	316.300000
959.199672	307.500000
961.381576	317.700000
963.561006	303.400000
965.737963	321.200000
967.916327	340.500000
970.096099	298.900000
972.269522	324.300000
974.446291	328.700000
976.618653	326.800000
978.792423	313.600000
980.961789	319.200000
983.134500	302.500000
985.304744	307.200000
987.474460	275.400000
989.643647	248.800000
991.808437	218.200000
993.976568	205.000000
996.140305	176.800000
998.305448	201.800000
1000.468133	176.100000
1002.630291	173.800000
1004.789993	172.400000
1006.949171	163.300000
1009.109755	162.300000
1011.267884	156.500000
1013.425489	149.100000
1015.582571	150.000000
1017.739130	156.300000
1019.891309	144.500000
1022.044894	133.600000
1024.197958	136.500000
1026.348574	134.500000
1028.500595	153.500000
1030.648243	127.900000
1032.799223	133.400000
1034.945832	137.200000
1037.091923	127.900000
1039.237494	138.800000
1041.384471	121.600000
1043.525159	121.000000
1045.669177	135.800000
1047.810754	126.500000
1049.951815	119.400000
1052.094280	122.000000
1054.230466	128.200000
1056.369978	125.900000
1058.505134	103.700000
1060.643615	118.200000
1062.777742	113.700000
1064.911356	128.600000
1067.046375	133.800000
1069.177044	111.400000
1071.309118	136.800000
1073.438763	124.400000
1075.567896	119.700000
1077.696517	122.200000
1079.824627	116.100000
1081.950311	117.100000
1084.075485	123.600000
1086.202063	98.800000
1088.324304	103.600000
1090.447948	118.100000
1092.567259	125.400000
1094.691798	123.700000
1096.810092	115.600000
1098.929791	121.400000
1101.047071	107.900000
1103.163845	108.500000
1105.280112	125.300000
1107.393964	118.400000
1109.509219	118.800000
1111.620152	107.500000
1113.734396	105.000000
1115.844320	108.700000
1117.955648	119.800000
1120.066471	112.600000
1122.172979	114.900000
1124.282795	118.600000
1126.388297	104.300000
1128.495202	106.400000
1130.595892	123.800000
1132.701794	115.300000
1134.803387	109.900000
1136.906383	102.100000
1139.008878	119.600000
1141.105166	102.900000
1143.206662	111.300000
1145.303855	104.200000
1147.400549	98.400000
1149.496745	98.900000
1151.592444	90.900000
1153.687645	93.500000
1155.780449	95.700000
1157.874655	117.600000
1159.962670	114.600000
1162.055883	114.300000
1164.142908	107.700000
1166.233232	119.000000
1168.319269	110.200000
1170.408603	108.200000
1172.491756	117.700000
1174.576311	105.700000
1176.662268	112.000000
1178.743943	104.000000
1180.827020	109.500000
1182.907711	92.300000
1184.987910	118.700000
1187.067618	107.800000
1189.146835	114.200000
1191.223670	113.600000
1193.298124	119.500000
1195.375870	115.200000
1197.449345	123.500000
1199.524221	114.100000
1201.594830	112.800000
1203.666841	99.900000
1205.736475	118.900000
1207.807510	114.600000
1209.878057	97.300000
1211.944343	110.200000
1214.012030	108.500000
1216.077345	122.900000
1218.144060	100.300000
1220.206519	107.100000
1222.272263	104.400000
1224.333754	121.300000
1226.396644	97.000000
1228.457167	101.700000
1230.517206	112.500000
1232.576763	97.900000
1234.633954	95.700000
1236.690664	94.300000
1238.745011	95.500000
1240.802638	108.600000
1242.857903	109.100000
1244.908927	109.800000
1246.961351	104.600000
1249.013295	104.800000
1251.062881	106.000000
1253.111988	104.000000
1255.160617	116.400000
1257.208767	112.700000
1259.256439	117.900000
1261.299880	112.800000
1263.346596	92.900000
1265.390959	116.200000
1267.434846	115.300000
1269.476382	105.600000
1271.515567	93.300000
1273.558026	105.900000
1275.596262	115.400000
1277.635897	110.300000
1279.675057	119.000000
1281.709998	115.400000
1283.746339	106.600000
1285.780334	110.100000
1287.815728	118.000000
1289.846908	109.700000
1291.879487	116.200000
1293.911593	122.100000
1295.941359	115.600000
1297.972523	110.600000
1299.999479	97.400000
1302.027833	115.500000
1304.051983	112.300000
1306.079397	112.200000
1308.102609	98.200000
1310.127219	111.500000
1312.149495	110.100000
1314.173168	122.500000
1316.194508	116.300000
1318.215380	113.200000
1320.235786	98.800000
1322.251997	114.600000
1324.269606	111.900000
1326.284888	110.600000
1328.303427	100.500000
1330.317778	113.300000
1332.329803	104.200000
1334.345085	104.500000
1336.356182	112.100000
1338.368676	107.500000
1340.376987	103.100000
1342.388554	108.000000
1344.394081	124.100000
1346.402864	98.100000
1348.407469	109.700000
1350.415328	99.000000
1352.422725	113.100000
1354.424091	98.000000
1356.426854	95.900000
1358.429156	100.500000
1360.430999	91.200000
1362.432382	100.300000
1364.431452	101.500000
1366.430063	107.500000
1368.428216	106.100000
1370.425911	99.800000
1372.419442	104.900000
1374.414370	102.600000
1376.408841	86.000000
1378.402855	105.200000
1380.394561	113.000000
1382.385813	102.100000
1384.374759	109.400000
1386.365100	96.500000
1388.354986	102.000000
1390.342569	85.200000
1392.329697	98.500000
1394.314525	95.100000
1396.300746	110.000000
1398.284668	93.500000
1400.268137	100.300000
1402.251154	114.600000
1404.231872	115.600000
1406.213986	107.200000
1408.193802	100.400000
1410.173168	107.300000
1412.148394	97.600000
1414.126860	102.500000
1416.103031	97.800000
1418.078754	88.100000
1420.054027	90.000000
1422.027009	81.500000
1423.999543	77.600000
1425.971630	93.100000
1427.943268	94.200000
1429.910778	92.700000
1431.883363	87.500000
1433.848141	93.000000
1435.817991	71.600000
1437.783718	85.100000
1439.750837	91.600000
1441.715673	89.600000
1443.676390	101.600000
1445.642174	81.200000
1447.602003	89.700000
1449.563225	86.700000
1451.525840	98.400000
1453.484340	95.100000
1455.442398	100.000000
1457.400013	99.500000
1459.357187	87.100000
1461.312085	105.900000
1463.268375	92.300000
1465.222391	91.700000
1467.175967	85.500000
1469.127270	106.700000
1471.079965	99.300000
1473.030389	94.700000
1474.980373	81.200000
1476.929919	115.200000
1478.877196	106.700000
1480.822206	110.600000
1482.768607	85.200000
1484.714572	73.000000
1486.660098	96.100000
1488.603360	87.000000
1490.546185	103.900000
1492.486747	106.900000
1494.428700	91.000000
1496.368392	86.400000
1498.307648	86.700000
1500.246469	97.900000
1502.183031	87.600000
1504.120984	97.300000
1506.056679	79.600000
1507.991939	88.200000
1509.924944	95.600000
1511.857516	95.000000
1513.789656	92.800000
1515.721364	100.800000
1517.650818	100.900000
1519.581663	90.500000
1521.512077	86.200000
1523.438417	82.600000
1525.366149	77.000000
1527.291630	92.700000
1529.216682	90.100000
1531.141305	95.200000
1533.065499	108.100000
1534.987446	72.400000
1536.910782	92.600000
1538.831873	95.500000
1540.750719	104.400000
1542.670955	106.900000
1544.588947	103.800000
1546.506513	102.200000
1548.421837	96.500000
1550.338551	87.200000
1552.251210	127.500000
1554.167073	110.400000
1556.080696	108.000000
1557.992082	99.000000
1559.904856	115.700000
1561.813581	96.700000
1563.723696	126.800000
1565.633387	112.900000
1567.542654	127.700000
1569.449688	122.900000
1571.354489	147.700000
1573.260679	150.200000
1575.164637	155.400000
1577.068175	171.500000
1578.971291	196.600000
1580.872179	269.000000
1582.774454	256.600000
1584.674502	289.900000
1586.575937	303.500000
1588.473339	309.800000
1590.370322	239.800000
1592.266887	218.200000
1594.164840	178.300000
1596.056958	155.700000
1597.952269	137.800000
1599.847163	120.300000
1601.739835	111.900000
1603.632091	115.900000
1605.522126	94.000000
1607.411747	120.400000
1609.300951	111.400000
1611.189741	86.300000
1613.076314	99.600000
1614.964273	104.900000
1616.848216	102.500000
1618.733547	92.400000
1620.618463	109.200000
1622.501166	112.800000
1624.385256	92.900000
1626.265335	90.100000
1628.146800	86.100000
1630.026055	101.800000
1631.906696	92.300000
1633.781533	84.900000
1635.661352	88.100000
1637.537165	88.700000
1639.412568	90.000000
1641.289358	85.200000
1643.160350	104.200000
1645.034524	83.500000
1646.904700	79.900000
1648.778056	99.900000
1650.649209	68.500000
1652.518160	79.700000
1654.388497	101.000000
1656.254840	83.500000
1658.122569	74.000000
1659.988100	110.000000
1661.855015	103.300000
1663.717942	74.500000
1665.582254	68.900000
1667.444370	87.700000
1669.306082	75.900000
1671.169178	64.900000
1673.030080	88.400000
1674.888788	83.200000
1676.747093	72.100000
1678.606783	82.000000
1680.460706	83.900000
1682.317801	74.900000
1684.174494	77.900000
1686.027211	98.100000
1687.883098	78.300000
1689.735012	70.300000
1691.586525	98.200000
1693.437637	96.200000
1695.288349	74.100000
1697.138660	76.200000
1698.986787	60.500000
1700.836297	75.400000
1702.680059	77.400000
1704.528770	70.300000
1706.371736	79.900000
1708.217867	60.400000
1710.060037	76.000000
1711.905371	61.600000
1713.744965	58.300000
1715.585943	56.100000
1717.428304	72.200000
1719.266709	67.200000
1721.106497	67.500000
1722.944110	53.400000
1724.781327	64.700000
1726.616371	75.200000
1728.452798	79.600000
1730.287053	67.400000
1732.120913	59.900000
1733.954380	63.100000
1735.783900	77.400000
1737.616579	80.600000
1739.445314	64.900000
1741.277207	83.300000
1743.105157	81.000000
1744.932715	70.800000
1746.759881	75.300000
1748.586656	69.600000
1750.413040	70.100000
1752.235487	73.100000
1754.061088	65.300000
1755.882755	66.900000
1757.705804	69.800000
1759.526692	82.700000
1761.347190	57.000000
1763.169070	70.000000
1764.985250	65.700000
1766.804582	75.900000
1768.619987	65.800000
1770.438542	64.900000
1772.253172	86.500000
1774.067416	75.700000
1775.881272	68.800000
1777.694742	61.500000
1779.506059	67.600000
1781.318757	58.700000
1783.131068	91.400000
1784.939462	68.100000
1786.749237	78.400000
1788.555096	82.000000
1790.364101	68.100000
1792.169193	68.400000
1793.975666	68.700000
1795.781755	69.200000
1797.583934	71.500000
1799.389256	58.800000
1801.190670	68.500000
1802.993464	67.600000
1804.792352	79.400000
1806.592621	75.100000
1808.392508	50.200000
1810.190254	82.600000
1811.987618	71.600000
1813.784603	69.900000
1815.581207	58.900000
1817.375672	69.200000
1819.171516	72.700000
1820.961706	80.900000
1822.756792	78.300000
1824.546225	68.500000
1826.338795	67.300000
1828.129230	77.800000
1829.917531	74.400000
1831.708967	60.400000
1833.494757	68.900000
1835.281927	55.300000
1837.066965	77.900000
1838.855137	64.700000
1840.639423	71.500000
1842.421580	77.900000
1844.205115	88.600000
1845.986522	73.200000
1847.769308	73.000000
1849.548214	66.200000
1851.328498	51.300000
1853.106656	73.100000
1854.886193	71.100000
1856.663605	73.000000
1858.438893	68.800000
1860.215560	74.000000
1861.990103	54.900000
1863.766025	74.800000
1865.536326	74.000000
1867.309755	54.100000
1869.081064	78.900000
1870.852003	70.500000
1872.624318	67.900000
1874.391020	71.100000
1876.160848	79.100000
1877.926812	67.800000
1879.695900	86.800000
1881.461126	65.600000
1883.225983	77.500000
1884.992218	63.100000
1886.754594	85.300000
1888.516603	71.000000
1890.278244	71.700000
1892.039519	73.500000
1893.800426	62.500000
1895.560967	78.700000
1897.319398	82.900000
1899.077464	62.300000
1900.833421	64.900000
1902.590756	81.200000
1904.347724	57.600000
1906.102587	79.400000
1907.855344	57.300000
1909.607738	71.500000
1911.361507	77.200000
1913.113173	59.600000
1914.862737	59.800000
1916.613677	54.100000
1918.364253	94.900000
1920.110990	59.500000
1921.859104	64.900000
1923.605118	74.700000
1925.352508	78.700000
1927.097799	47.700000
1928.840993	63.600000
1930.585563	68.600000
1932.328036	62.900000
1934.070149	50.400000
1935.811902	58.400000
1937.553296	83.400000
1939.292596	71.600000
1941.031536	71.100000
1942.770119	59.300000
1944.506609	60.900000
1946.242742	65.100000
1947.980249	69.300000
1949.713934	74.000000
1951.448994	70.500000
1953.181966	74.500000
1954.914581	66.300000
1956.646839	68.500000
1958.378741	54.700000
1960.108557	66.400000
1961.836289	62.600000
1963.565394	52.200000
1965.294145	72.000000
1967.020812	50.100000
1968.747125	76.700000
1970.474811	76.600000
1972.196961	59.800000
1973.922212	50.200000
1975.643657	73.300000
1977.368201	53.400000
1979.090666	58.500000
1980.809327	67.900000
1982.531087	69.900000
1984.249045	57.800000
1985.968376	55.600000
1987.683908	59.700000
1989.404261	56.600000
1991.120814	78.800000
1992.833571	58.900000
1994.549425	78.600000
1996.263205	67.000000
1997.976636	74.100000
1999.687996	57.900000
2001.400729	58.900000
2003.109670	54.800000
2004.821705	65.500000
2006.528230	72.900000
2008.237848	76.400000
2009.945398	56.500000
2011.652601	59.500000
2013.357738	55.300000
2015.062528	49.000000
2016.768690	63.500000
2018.471070	43.800000
2020.174822	55.900000
2021.876510	66.500000
2023.577854	60.500000
2025.278852	53.400000
2026.977790	59.400000
2028.678098	41.400000
2030.374632	71.600000
2032.072537	41.000000
2033.768383	52.800000
2035.467315	74.000000
2037.160761	62.100000
2038.855579	42.100000
2040.550053	49.500000
2042.240759	63.400000
2043.934549	62.000000
2045.624572	46.600000
2047.315966	77.800000
2049.005307	54.800000
2050.696018	50.900000
2052.382966	74.900000
2054.069575	60.400000
2055.757554	48.500000
2057.441773	38.100000
2059.127362	59.200000
2060.812612	61.500000
2062.495814	62.500000
2064.180385	56.700000
2065.859494	56.900000
2067.543388	73.200000
2069.221822	58.800000
2070.903332	56.400000
2072.581092	63.000000
2074.258514	45.100000
2075.937306	57.900000
2077.614056	66.700000
2079.288764	71.900000
2080.964841	61.100000
2082.638878	58.300000
2084.312579	44.800000
2085.985945	46.200000
2087.657273	57.100000
2089.328266	53.700000
2090.998925	38.600000
2092.669249	66.200000
2094.339240	56.800000
2096.007195	55.200000
2097.674817	36.800000
2099.340404	44.800000
2101.007361	40.100000
2102.672283	49.000000
2104.336874	37.300000
2105.999433	46.100000
2107.663360	59.100000
2109.325257	73.200000
2110.986822	70.900000
2112.648056	70.500000
2114.307262	53.700000
2115.966137	49.400000
2117.624683	40.800000
2119.282899	58.600000
2120.937391	59.100000
2122.594948	70.500000
2124.252176	56.400000
2125.905682	72.500000
2127.560556	56.400000
2129.211712	63.300000
2130.865929	68.300000
2132.516430	66.600000
2134.168297	53.000000
2135.814756	61.600000
2137.465970	34.500000
2139.113470	36.000000
2140.762337	49.100000
2142.409186	47.000000
2144.055708	71.500000
2145.701905	65.900000
2147.344394	45.600000
2148.989941	44.200000
2150.631781	52.900000
2152.276678	58.700000
2153.917870	61.500000
2155.558738	72.300000
2157.199282	66.300000
2158.837814	47.300000
2160.477712	61.000000
2162.113910	53.200000
2163.751475	64.500000
2165.388716	39.100000
2167.023948	69.800000
2168.658859	57.000000
2170.293448	61.500000
2171.927715	49.100000
2173.558289	54.100000
2175.191915	69.200000
2176.821849	53.900000
2178.453148	33.500000
2180.082442	56.700000
2181.711417	39.600000
2183.340073	46.200000
2184.968409	58.900000
2186.594742	49.200000
2188.220757	61.100000
2189.844771	63.700000
2191.470149	65.000000
2193.093528	74.400000
2194.718270	54.600000
2196.339332	46.300000
2197.960077	58.700000
2199.582187	37.000000
2201.202299	54.700000
2202.820414	43.600000
2204.438214	60.100000
2206.055699	43.800000
2207.672868	62.900000
2209.289722	59.900000
2210.906261	66.300000
2212.520806	43.800000
2214.133359	44.800000
2215.747276	48.900000
2217.359202	47.100000
2218.972491	46.300000
2220.583790	51.200000
2222.193099	35.200000
2223.803772	39.500000
2225.412456	35.000000
2227.020828	60.000000
2228.627212	39.100000
2230.234960	51.700000
2231.840721	60.500000
2233.446171	53.700000
2235.049636	54.600000
2236.654464	58.600000
2238.257309	38.900000
2239.858170	65.300000
2241.460393	54.500000
2243.060635	39.700000
2244.662239	34.600000
2246.260191	52.100000
2247.859505	60.300000
2249.456839	61.300000
2251.053864	59.400000
2252.652252	46.500000
2254.246991	64.500000
2255.839753	44.300000
2257.433878	48.700000
2259.029364	54.800000
2260.621206	54.800000
2262.212741	39.800000
2263.805637	59.800000
2265.393224	61.700000
2266.985508	59.700000
2268.572484	47.200000
2270.162489	65.900000
2271.747189	55.700000
2273.336583	62.800000
2274.920674	56.700000
2276.506127	58.100000
2278.089610	60.000000
2279.676120	69.100000
2281.258996	53.200000
2282.841568	58.200000
2284.423837	58.900000
2286.002477	61.900000
2287.584140	62.400000
2289.162175	51.200000
2290.743233	54.300000
2292.320665	52.900000
2293.896132	51.500000
2295.474622	52.500000
2297.049488	52.300000
2298.624053	54.800000
2300.198318	47.100000
2301.772282	41.500000
2303.345946	42.800000
2304.919309	62.600000
2306.489054	61.200000
2308.058500	56.400000
2309.630965	56.800000
2311.198154	53.800000
2312.768362	55.600000
2314.334955	55.600000
2315.902908	60.300000
2317.468905	48.600000
2319.034605	46.200000
2320.600008	55.500000
2322.163456	40.600000
2323.728264	40.100000
2325.289464	58.800000
2326.853678	49.800000
2328.412631	58.300000
2329.974597	49.800000
2331.534613	41.700000
2333.094333	50.700000
2334.652104	48.800000
2336.209580	49.600000
2337.766762	42.000000
2339.321997	52.700000
2340.876937	51.500000
2342.431584	30.600000
2343.985937	32.200000
2345.539996	65.600000
2347.093761	32.600000
2348.645583	40.400000
2350.195461	39.100000
2351.748347	50.800000
2353.295991	59.000000
2354.846642	40.800000
2356.393702	52.200000
2357.942121	63.500000
2359.490247	64.300000
2361.034785	51.600000
2362.580681	50.400000
2364.124639	34.200000
2365.669954	66.900000
2367.211684	44.400000
2368.754771	31.200000
2370.295923	57.100000
2371.836785	58.500000
2373.377358	46.500000
2374.917641	48.700000
2376.457636	61.400000
2377.994053	51.100000
2379.533471	31.300000
2381.069312	52.000000
2382.606509	32.200000
2384.140131	63.500000
2385.676754	60.400000
2387.211445	64.000000
2388.744207	54.700000
2390.276682	52.200000
2391.807230	50.500000
2393.340775	56.100000
2394.869109	35.600000
2396.398799	41.500000
2397.928204	41.500000
2399.457323	39.900000
2400.986158	48.800000
2402.509787	51.600000
2404.038053	67.400000
2405.561115	50.700000
2407.088811	49.700000
2408.609668	48.800000
2410.135158	45.500000
2411.657087	38.400000
2413.180372	57.200000
2414.701736	45.400000
2416.221180	52.500000
2417.741979	59.800000
2419.260859	42.400000
2420.779457	49.400000
2422.296138	44.800000
2423.814173	45.600000
2425.331927	67.500000
2426.846130	49.400000
2428.360052	42.600000
2429.873694	48.400000
2431.388691	57.400000
2432.900139	46.300000
2434.412942	61.900000
2435.923832	66.900000
2437.434442	56.900000
2438.943141	53.500000
2440.454827	48.500000
2441.962968	54.400000
2443.470832	59.400000
2444.978418	57.900000
2446.482463	59.600000
2447.989494	69.700000
2449.494616	47.100000
2450.999461	79.600000
2452.502399	62.400000
2454.005060	72.300000
2455.507445	59.800000
2457.007925	64.200000
2458.509758	62.500000
2460.009687	81.800000
2461.509340	64.200000
2463.008717	64.900000
2464.506192	60.800000
2466.001765	67.900000
2467.500319	54.900000
2468.995343	70.500000
2470.491721	50.200000
2471.984571	41.600000
2473.478775	63.800000
2474.972705	39.300000
2476.463112	55.500000
2477.956495	54.400000
2479.447981	47.800000
2480.937570	59.900000
2482.426887	59.800000
2483.914309	66.600000
2485.404706	53.500000
2486.891584	45.400000
2488.379814	50.600000
2489.864528	52.000000
2491.348971	55.600000
2492.834766	55.800000
2494.318668	46.400000
2495.803922	40.400000
2497.284042	54.000000
2498.767134	46.100000
2500.248336	52.000000
2501.729269	32.500000
2503.208313	58.300000
2504.687088	61.100000
2506.165595	47.900000
2507.643834	45.300000
2509.121804	65.100000
2510.596270	59.600000
2512.073704	42.100000
2513.547635	50.400000
2515.022916	58.000000
2516.497931	43.000000
2517.969444	44.800000
2519.442307	45.400000
2520.913288	42.000000
2522.385619	53.700000
2523.852837	49.400000
2525.323020	33.600000
2526.791323	52.600000
2528.259361	43.800000
2529.727134	42.400000
2531.194642	54.700000
2532.661885	55.600000
2534.125636	49.500000
2535.590737	44.000000
2537.053961	39.700000
2538.518535	49.600000
2539.979619	44.400000
2541.442053	33.600000
2542.904224	45.700000
2544.362909	39.200000
2545.826166	47.100000
2547.284326	50.400000
2548.743835	55.500000
2550.198251	42.600000
2551.657236	48.800000
2553.114350	65.600000
2554.569593	51.500000
2556.024575	45.600000
2557.477687	31.200000
2558.932148	34.500000
2560.384740	45.000000
2561.837072	37.000000
2563.287536	40.700000
2564.740956	36.000000
2566.189294	38.100000
2567.640588	44.500000
2569.090015	34.900000
2570.535970	46.900000
2571.984881	36.400000
2573.430320	55.500000
2574.877108	35.500000
2576.322032	45.000000
2577.766699	50.500000
2579.212713	49.300000
2580.655260	48.700000
2582.099155	40.500000
2583.539585	56.800000
2584.981362	53.900000
2586.421280	45.500000
2587.862545	48.400000
2589.300349	59.200000
2590.741102	46.400000
2592.176792	46.400000
2593.615432	54.000000
2595.052215	48.400000
2596.487141	45.800000
2597.925016	33.900000
2599.357832	26.600000
2600.791996	32.900000
2602.224306	59.200000
2603.657962	48.900000
2605.089765	50.600000
2606.521315	44.600000
2607.952611	34.000000
2609.382055	39.400000
2610.811248	37.200000
2612.238589	39.100000
2613.667277	51.200000
2615.095712	58.700000
2616.520700	40.200000
2617.947035	55.600000
2619.371521	34.800000
2620.797353	56.100000
2622.219741	52.300000
2623.643475	57.400000
2625.065362	76.800000
2626.487000	51.200000
2627.906792	70.600000
2629.327930	56.900000
2630.748818	63.200000
2632.166268	63.100000
2633.586657	55.100000
2635.003609	63.300000
2636.420313	44.500000
2637.836768	64.800000
2639.252975	50.100000
2640.668933	75.200000
2642.083051	71.000000
2643.496922	74.700000
2644.908953	92.200000
2646.322329	75.500000
2647.732275	76.500000
2649.145156	83.000000
2650.554610	106.300000
2651.963817	91.900000
2653.371187	98.900000
2654.781493	113.400000
2656.189962	107.700000
2657.596596	119.900000
2659.002985	149.000000
2660.407540	163.300000
2661.813439	164.000000
2663.217505	183.300000
2664.621326	198.400000
2666.024904	204.700000
2667.426649	225.200000
2668.829738	233.700000
2670.229409	245.800000
2671.630424	259.100000
2673.028023	276.800000
2674.428552	277.400000
2675.825666	293.600000
2677.224123	290.500000
2678.620752	330.800000
2680.017139	277.200000
2681.413285	287.600000
2682.807604	296.000000
2684.203266	267.900000
2685.595518	267.700000
2686.989114	264.000000
2688.380885	260.600000
2689.773998	239.400000
2691.165288	207.600000
2692.554755	180.700000
2693.943982	174.300000
2695.332970	157.900000
2696.723300	138.500000
2698.108645	138.500000
2699.496914	132.100000
2700.883363	113.100000
2702.269573	101.500000
2703.655545	95.500000
2705.038117	98.800000
2706.422032	103.300000
2707.805709	92.900000
2709.189148	87.600000
2710.569191	65.000000
2711.950576	74.700000
2713.330145	74.600000
2714.711056	74.900000
2716.090151	46.900000
2717.467433	65.600000
2718.846056	63.300000
2720.222866	57.500000
2721.599440	53.400000
2722.975778	67.900000
2724.350304	58.100000
2725.726171	72.300000
2727.098651	61.200000
2728.474047	52.800000
2729.844483	60.200000
2731.216260	47.000000
2732.587802	55.400000
2733.957536	27.800000
2735.328611	68.700000
2736.697877	52.800000
2738.066911	48.400000
2739.434137	52.600000
2740.801131	47.100000
2742.167892	59.600000
2743.534420	38.000000
2744.899143	45.300000
2746.263635	41.200000
2747.627894	42.600000
2748.991921	56.000000
2750.355717	36.400000
2751.716139	42.000000
2753.079472	62.200000
2754.437862	39.000000
2755.799162	43.900000
2757.157091	50.700000
2758.517930	37.300000
2759.876968	52.100000
2761.232638	22.800000
2762.591216	36.200000
2763.946428	37.800000
2765.301410	44.100000
2766.654595	44.000000
2768.010687	48.600000
2769.363415	39.700000
2770.715914	24.300000
2772.068185	29.800000
2773.421795	33.000000
2774.772043	45.200000
2776.120498	38.800000
2777.471857	30.400000
2778.819857	36.100000
2780.169196	32.000000
2781.516742	35.400000
2782.864061	42.600000
2784.211154	48.200000
2785.556456	50.700000
2786.901532	43.700000
2788.246382	31.500000
2789.591005	39.400000
2790.932277	39.300000
2792.274887	54.100000
2793.617271	49.100000
2794.959431	34.500000
2796.298241	27.600000
2797.639950	39.600000
2798.978312	42.000000
2800.318011	40.100000
2801.655924	56.200000
2802.992053	29.500000
2804.327958	39.900000
2805.665201	52.200000
2807.000660	56.200000
2808.335896	31.100000
2809.669349	18.200000
2811.004140	51.200000
2812.335589	51.900000
2813.669934	38.000000
2814.999381	28.100000
2816.330165	38.100000
2817.660727	42.700000
2818.989510	37.500000
2820.319629	42.200000
2821.647970	50.800000
2822.976090	25.700000
2824.302432	41.200000
2825.630111	26.100000
2826.954457	35.300000
2828.280138	22.100000
2829.604044	43.100000
2830.927731	60.400000
2832.252753	24.100000
2833.574445	22.800000
2834.895919	46.200000
2836.217174	58.700000
2837.538210	34.600000
2838.857474	37.600000
2840.178073	41.000000
2841.496900	27.400000
2842.815509	46.800000
2844.132347	60.900000
2845.448968	42.200000
2846.765372	32.500000
2848.080007	36.600000
2849.395976	41.300000
2850.708625	43.900000
2852.022610	36.800000
2853.336377	46.200000
2854.649929	38.900000
2855.961713	45.400000
2857.271731	36.500000
2858.583084	42.600000
2859.891122	37.100000
2861.200495	33.600000
2862.509652	41.700000
2863.818594	43.000000
2865.125773	38.800000
2866.431188	28.200000
2867.737938	25.000000
2869.042925	36.900000
2870.347699	25.800000
2871.650711	35.200000
2872.956605	34.100000
2874.257643	44.200000
2875.560016	44.900000
2876.860629	28.700000
2878.162576	32.300000
2879.464310	24.600000
2880.762739	30.600000
2882.062503	29.900000
2883.360508	39.800000
2884.658302	23.800000
2885.954340	36.700000
2887.251711	35.100000
2888.547326	43.900000
2889.842730	25.900000
2891.137924	21.100000
2892.429819	33.900000
2893.724591	26.200000
2895.016066	29.900000
2896.308874	32.200000
2897.601472	36.700000
2898.890776	38.400000
2900.181412	27.200000
2901.470297	31.800000
2902.760515	19.600000
2904.047440	40.300000
2905.335699	28.000000
2906.622207	41.900000
2907.908508	37.100000
2909.194600	41.900000
2910.478944	25.400000
2911.766160	35.800000
2913.048548	23.200000
2914.332269	36.800000
2915.614244	19.100000
2916.896012	32.900000
2918.176034	35.600000
2919.458926	40.000000
2920.740073	29.200000
2922.017938	41.500000
2923.298672	30.800000
2924.576125	42.900000
2925.853372	31.500000
2927.128878	35.500000
2928.407251	23.800000
2929.680809	38.100000
2930.957235	36.400000
2932.231920	35.100000
2933.504865	39.400000
2934.779140	36.900000
2936.051676	51.000000
2937.324008	34.900000
2938.593066	29.700000
2939.864990	24.100000
2941.135176	26.700000
2942.405159	41.800000
2943.674938	68.700000
2944.942980	25.500000
2946.209287	29.600000
2947.475391	13.100000
2948.742825	30.500000
2950.008525	36.900000
2951.274022	18.800000
2952.539317	29.500000
2953.801347	38.400000
2955.064708	28.300000
2956.327866	40.900000
2957.589293	43.400000
2958.852049	31.500000
2960.113074	33.700000
2961.372367	25.300000
2962.631461	27.500000
2963.890354	34.900000
2965.149047	42.300000
2966.407540	34.400000
2967.664304	31.700000
2968.920868	42.000000
2970.175705	31.100000
2971.431871	41.600000
2972.684781	23.200000
2973.939021	39.000000
2975.193062	15.400000
2976.445377	25.400000
2977.697494	19.500000
2978.947886	31.500000
2980.201133	46.600000
2981.449603	38.500000
2982.700927	34.700000
2983.949003	41.400000
2985.196881	31.600000
2986.444562	32.800000
2987.692047	26.400000
2988.937810	37.500000
2990.183376	33.600000
2991.430270	26.400000
2992.673920	25.200000
2993.918898	33.900000
2995.160633	24.600000
2996.405218	32.300000
2997.648085	27.900000
2998.887711	24.700000
3000.130187	24.400000
3001.369424	14.700000
3002.609988	41.000000
3003.848835	23.600000
3005.087488	35.300000
3006.324425	39.700000
3007.562689	16.200000
3008.799239	29.400000
3010.035594	19.800000
3011.271756	27.400000
3012.506205	43.100000
3013.740460	32.100000
3014.974522	21.800000
3016.206872	40.900000
3017.437510	18.600000
3018.670994	26.800000
3019.902766	30.500000
3021.132828	39.100000
3022.362698	23.000000
3023.590858	41.900000
3024.820344	19.000000
3026.048122	30.500000
3027.275708	8.900000
3028.504620	35.000000
3029.728790	24.300000
3030.955803	32.800000
3032.179592	27.800000
3033.404708	18.100000
3034.628117	34.800000
3035.851337	37.300000
3037.072851	30.500000
3038.297206	19.400000
3039.516826	39.300000
3040.737771	33.700000
3041.958528	23.400000
3043.177581	20.200000
3044.397960	10.700000
3045.615122	35.600000
3046.833609	32.200000
3048.050394	35.300000
3049.266992	41.000000
3050.483401	18.000000
3051.696598	27.300000
3052.912632	35.700000
3054.125454	33.600000
3055.341113	19.200000
3056.552049	27.000000
3057.764310	17.300000
3058.976385	21.600000
3060.188273	48.200000
3061.398463	28.200000
3062.608467	39.900000
3063.818286	15.000000
3065.026408	21.800000
3066.234344	25.200000
3067.440586	36.000000
3068.648151	22.000000
3069.854023	21.000000
3071.059709	20.000000
3072.265210	27.800000
3073.469018	26.600000
3074.674150	51.000000
3075.877590	28.800000
3077.079337	33.400000
3078.280901	38.000000
3079.482281	35.100000
3080.683477	20.600000
3081.882983	16.300000
3083.082305	32.100000
3084.282951	33.300000
3085.481907	29.800000
3086.677669	29.800000
3087.876260	33.300000
3089.071657	20.700000
3090.268377	22.600000
3091.461905	17.800000
3092.658261	37.100000
3093.852931	30.200000
3095.044410	21.200000
3096.240220	43.500000
3097.431337	43.600000
3098.623776	37.200000
3099.813028	25.100000
3101.005106	20.200000
3102.195499	24.800000
3103.382707	29.200000
3104.571238	36.200000
3105.761091	28.500000
3106.947759	30.000000
3108.134248	31.900000
3109.320557	33.200000
3110.508188	23.700000
3111.692638	25.300000
3112.875407	27.100000
3114.061000	24.000000
3115.244912	23.300000
3116.427146	25.000000
3117.609201	32.500000
3118.791079	13.000000
3119.972778	25.400000
3121.152799	15.400000
3122.331144	25.800000
3123.512310	5.800000
3124.690300	21.600000
3125.868113	38.600000
3127.045749	22.600000
3128.221710	37.600000
3129.397494	26.900000
3130.574600	35.600000
3131.750031	6.300000
3132.923789	33.200000
3134.095875	16.500000
3135.269281	46.900000
3136.442512	42.700000
3137.614070	15.000000
3138.786950	19.900000
3139.956662	15.700000
3141.127695	19.000000
3142.297057	24.100000
3143.464750	12.700000
3144.635258	32.500000
3145.801107	31.600000
3146.971266	25.300000
3148.136767	25.200000
3149.302095	33.600000
3150.467249	24.400000
3151.632229	8.000000
3152.798530	7.600000
3153.960177	35.000000
3155.123145	25.700000
3156.285939	24.600000
3157.448561	32.700000
3158.609518	32.500000
3159.770302	19.500000
3160.930914	18.400000
3162.089863	25.100000
3163.248639	16.300000
3164.407244	21.400000
3165.565677	28.800000
3166.723938	16.000000
3167.880537	19.800000
3169.035475	31.200000
3170.191732	17.300000
3171.346329	23.300000
3172.500754	22.600000
3173.653520	6.300000
3174.806116	27.600000
3175.958541	29.300000
3177.110797	29.400000
3178.262883	11.400000
3179.411822	24.200000
3180.563568	32.300000
3181.713656	28.400000
3182.862088	32.500000
3184.010351	15.800000
3185.158444	14.500000
3186.306369	31.100000
3187.452639	27.000000
3188.598740	32.400000
3189.743186	23.000000
3190.887465	26.500000
3192.031576	32.700000
3193.177005	27.000000
3194.319294	29.200000
3195.461417	19.100000
3196.603372	25.300000
3197.745161	11.600000
3198.886782	13.000000
3200.025267	37.100000
3201.165070	17.700000
3202.306191	23.900000
3203.444177	31.000000
3204.580514	22.500000
3205.716685	32.100000
3206.854174	23.600000
3207.990013	24.900000
3209.127170	22.500000
3210.259714	18.700000
3211.396540	13.400000
3212.528754	0.000000
3213.662286	30.300000
3214.795652	20.500000
3215.925891	30.300000
3217.058928	23.900000
3218.188839	3.000000
3219.320067	22.700000
3220.448169	29.000000
3221.579068	24.300000
3222.708324	13.800000
3223.835935	24.100000
3224.960425	22.800000
3226.089190	32.100000
3227.214833	26.500000
3228.340313	41.500000
3229.464152	22.600000
3230.590785	24.400000
3231.712821	24.000000
3232.836173	-3.400000
3233.959363	-3.400000
3235.082391	26.700000
3236.203779	14.100000
3237.325006	24.300000
3238.444594	42.200000
3239.564021	24.500000
3240.681810	30.900000
3241.802392	35.600000
3242.919859	28.500000
3244.037167	36.000000
3245.154313	32.500000
3246.269824	37.700000
3247.386650	26.900000
3248.500365	39.500000
3249.616870	43.100000
3250.731741	21.300000
3251.843503	46.800000
3252.955106	10.100000
3254.068023	28.900000
3255.180782	21.700000
3256.290434	18.100000
3257.401400	40.600000
3258.512208	41.400000
3259.621385	10.500000
3260.728930	26.700000
3261.837790	32.700000
3262.946491	21.100000
3264.052090	31.600000
3265.159003	20.200000
3266.264288	31.200000
3267.370886	29.000000
3268.474384	34.500000
3269.579196	6.100000
3270.683851	21.200000
3271.785407	33.900000
3272.886808	23.600000
3273.989522	28.000000
3275.092079	7.000000
3276.191540	21.300000
3277.293785	32.400000
3278.392934	15.800000
3279.490459	22.500000
3280.587828	22.800000
3281.687980	26.700000
3282.785038	18.100000
3283.881941	16.400000
3284.978689	20.100000
3286.070879	27.100000
3287.167317	24.000000
3288.262134	23.700000
3289.356795	24.500000
3290.449835	14.500000
3291.542721	21.400000
3292.633986	17.300000
3293.726564	16.700000
3294.817521	25.200000
3295.906859	29.000000
3296.996044	36.700000
3298.086542	33.200000
3299.173955	5.100000
3300.261216	12.500000
3301.349789	28.000000
3302.438209	21.400000
3303.522082	28.600000
3304.610197	11.200000
3305.695231	25.500000
3306.778648	12.800000
3307.863378	21.200000
3308.946493	13.000000
3310.030919	18.600000
3311.112267	30.400000
3312.194927	22.800000
3313.275973	31.400000
3314.356868	31.300000
3315.436150	20.700000
3316.515281	33.800000
3317.595723	29.600000
3318.673092	34.000000
3319.751771	7.100000
3320.828840	27.800000
3321.905758	12.400000
3322.981065	18.100000
3324.056223	28.800000
3325.132692	2.200000
3326.206091	14.100000
3327.279341	36.900000
3328.353902	13.200000
3329.426853	1.900000
3330.498197	23.400000
3331.570851	16.800000
3332.640438	15.900000
3333.711336	36.200000
3334.780627	28.000000
3335.851229	28.800000
3336.920224	18.200000
3337.987613	28.900000
3339.053397	15.700000
3340.123407	12.600000
3341.190354	32.900000
3342.254239	40.300000
3343.320892	35.100000
3344.385940	11.000000
3345.449385	22.800000
3346.512684	20.400000
3347.575836	3.600000
3348.638842	11.200000
3349.701702	34.200000
3350.762960	15.500000
3351.821161	13.800000
3352.883583	33.400000
3353.942948	25.900000
3355.002168	23.200000
3356.062698	18.600000
3357.118718	27.200000
3358.177503	26.000000
3359.231780	22.700000
3360.288820	5.800000
3361.344263	19.300000
3362.401014	32.100000
3363.456168	20.200000
3364.509724	7.600000
3365.561683	24.600000
3366.616404	18.100000
3367.668076	18.900000
3368.719605	28.500000
3369.772443	30.300000
3370.822233	25.600000
3371.873331	13.000000
3372.921384	22.600000
3373.972197	19.300000
3375.019964	36.200000
3376.067589	31.600000
3377.115071	21.800000
3378.160961	20.200000
3379.208159	12.000000
3380.252315	38.100000
3381.299229	13.800000
3382.344551	23.100000
3383.386833	14.800000
3384.428973	31.300000
3385.472421	19.600000
3386.515729	14.400000
3387.557446	12.900000
3388.599022	-6.300000
3389.640458	2.700000
3390.680304	16.700000
3391.718563	0.700000
3392.758129	18.200000
3393.797554	14.100000
3394.835392	29.700000
3395.871643	21.500000
3396.907755	14.100000
3397.945174	18.400000
3398.979560	8.400000
3400.015253	35.900000
3401.050807	21.200000
3402.083330	26.200000
3403.118606	17.300000
3404.150851	19.000000
3405.182958	22.100000
3406.213481	15.300000
3407.245312	23.500000
3408.277003	13.100000
3409.305668	21.800000
3410.334194	21.400000
3411.364028	9.500000
3412.393723	29.900000
3413.420393	31.800000
3414.448370	22.200000
3415.473322	14.700000
3416.501024	14.400000
3417.525703	24.800000
3418.551688	25.100000
3419.576093	29.000000
3420.600362	22.300000
3421.623052	25.700000
3422.645606	20.000000
3423.669466	3.200000
3424.690306	25.200000
3425.711011	1.800000
3426.733021	27.000000
3427.752013	10.900000
3428.770870	41.200000
3429.791032	28.300000
3430.808178	15.800000
