-118.448435	-18.100000
-115.778835	2.700000
-113.112170	-5.000000
-110.446257	10.500000
-107.783276	11.800000
-105.118866	13.600000
-102.457386	3.900000
-99.794476	-0.600000
-97.136674	3.500000
-94.477441	28.100000
-91.818958	-5.500000
-89.163398	-5.400000
-86.506410	-2.400000
-83.854519	-0.900000
-81.201199	6.500000
-78.550799	20.000000
-75.898969	-1.400000
-73.252230	8.900000
-70.604061	19.200000
-67.956636	-0.900000
-65.312124	-0.700000
-62.666184	20.900000
-60.025325	17.300000
-57.383037	28.700000
-54.743657	17.600000
-52.102849	17.800000
-49.462781	28.000000
-46.827785	9.600000
-44.191360	19.700000
-41.557839	21.200000
-38.922889	7.400000
-36.293004	7.400000
-33.659527	-19.600000
-31.031112	5.300000
-28.403430	4.400000
-25.774321	28.600000
-23.150268	11.000000
-20.522626	31.200000
-17.900037	6.800000
-15.278180	48.000000
-12.657053	61.900000
-10.036656	200.100000
-7.419147	608.100000
-4.800210	1924.300000
-2.184159	5020.100000
0.431164	9441.600000
3.045760	5620.600000
5.657473	833.500000
8.270615	78.800000
10.878723	36.200000
13.490413	28.400000
16.097072	25.200000
18.705159	25.100000
21.312522	31.500000
23.914860	6.300000
26.520776	1.500000
29.121670	6.900000
31.723992	8.800000
34.321297	4.000000
36.922177	-1.200000
39.518043	1.700000
42.115336	19.200000
44.711910	5.200000
47.303475	6.300000
49.896468	-0.200000
52.486600	4.000000
55.078160	-4.500000
57.666860	7.900000
60.256987	2.400000
62.842116	12.000000
65.428671	-5.900000
68.014513	16.200000
70.597501	-4.200000
73.181915	19.400000
75.759201	-3.000000
78.340053	10.300000
80.918056	9.400000
83.495349	23.000000
86.074068	1.500000
88.647806	8.100000
91.222970	9.000000
93.795291	14.100000
96.366904	-3.400000
98.935677	1.000000
101.505877	-2.700000
104.073239	29.400000
106.642026	-1.900000
109.207977	12.000000
111.771093	10.100000
114.337765	26.100000
116.895216	13.300000
119.458352	45.300000
122.016529	39.300000
124.578259	52.800000
127.135034	79.900000
129.693234	132.500000
132.246482	184.300000
134.799031	262.100000
137.355131	380.900000
139.906284	509.400000
142.456738	620.900000
145.006496	719.500000
147.553434	837.700000
150.099676	863.200000
152.647344	887.600000
155.194317	915.800000
157.736353	877.100000
160.277696	872.400000
162.818346	836.600000
165.360422	852.100000
167.899687	841.400000
170.436142	847.600000
172.971907	846.600000
175.509097	861.200000
178.045595	816.100000
180.579288	841.900000
183.110178	836.100000
185.640379	844.800000
188.172005	824.200000
190.700830	835.600000
193.226856	827.300000
195.752197	809.900000
198.278962	804.500000
200.802930	801.400000
203.326214	775.800000
205.848813	820.700000
208.368619	807.200000
210.887742	790.300000
213.406182	803.200000
215.926046	826.200000
218.438909	818.100000
220.955303	817.600000
223.471015	840.300000
225.981838	857.400000
228.494085	906.800000
231.003549	929.600000
233.512335	868.800000
236.020443	920.700000
238.529974	894.200000
241.034625	899.900000
243.538601	919.800000
246.044000	923.900000
248.544524	860.400000
251.048571	905.700000
253.545648	904.000000
256.046247	878.900000
258.544075	865.400000
261.041230	891.600000
263.537712	859.100000
266.029331	900.900000
268.524470	870.800000
271.016843	873.400000
273.508545	868.100000
275.997483	882.600000
278.487846	866.400000
280.975447	894.500000
283.460288	914.100000
285.948643	925.100000
288.430059	933.700000
290.914989	951.900000
293.395074	930.300000
295.878671	984.900000
298.357425	1019.800000
300.837603	1066.700000
303.315028	1025.000000
305.791790	1037.900000
308.267889	977.000000
310.741239	953.700000
313.213927	936.400000
315.685954	949.600000
318.157320	942.900000
320.625942	988.500000
323.093904	950.500000
325.563289	948.300000
328.027850	884.700000
330.495916	869.800000
332.959162	887.300000
335.421750	885.800000
337.883682	848.800000
340.344957	848.900000
342.803498	817.100000
345.263461	846.400000
347.720691	799.300000
350.177267	796.600000
352.633189	797.600000
355.086382	764.800000
357.540996	732.800000
359.990809	777.700000
362.444119	716.600000
364.892629	759.300000
367.340489	733.000000
369.789770	720.600000
372.234258	724.900000
374.680168	716.300000
377.125429	685.800000
379.567970	688.200000
382.009864	667.500000
384.451111	706.700000
386.889642	670.100000
389.329595	675.900000
391.766834	659.100000
394.201361	681.600000
396.639376	653.000000
399.072614	659.400000
401.507274	627.100000
403.937160	648.100000
406.370532	646.900000
408.799134	666.100000
411.227095	622.100000
413.656476	629.900000
416.081092	623.500000
418.507130	652.500000
420.932527	606.800000
423.357284	633.600000
425.777283	602.100000
428.198703	622.700000
430.617426	588.100000
433.037570	600.100000
435.455019	570.100000
437.873888	576.900000
440.290064	552.800000
442.701493	546.200000
445.116398	531.500000
447.528613	496.300000
449.940194	494.200000
452.351141	505.100000
454.759402	468.800000
457.167030	470.700000
459.574027	479.000000
461.980391	481.400000
464.384073	444.300000
466.787125	480.600000
469.189547	456.300000
471.591340	481.800000
473.990454	476.200000
476.390988	501.700000
478.790893	485.900000
481.186075	504.700000
483.584724	537.800000
485.978653	551.200000
488.371956	561.100000
490.764633	613.400000
493.156685	671.600000
495.550156	723.700000
497.938914	807.900000
500.325006	981.700000
502.712518	1222.700000
505.099406	1626.800000
507.483631	2240.200000
509.869275	3174.700000
512.252256	4462.800000
514.632577	5975.400000
517.014317	7149.900000
519.393398	7293.600000
521.773898	6548.600000
524.151740	5507.300000
526.526927	4514.900000
528.901496	3712.400000
531.277484	3156.000000
533.650818	2747.300000
536.025570	2411.800000
538.395637	2196.700000
540.765088	1982.500000
543.135957	1841.200000
545.502146	1658.700000
547.869753	1564.800000
550.234714	1431.800000
552.599062	1377.300000
554.962798	1321.900000
557.327951	1254.300000
559.688431	1201.200000
562.050330	1175.200000
564.409589	1109.300000
566.766209	1051.600000
569.126274	1041.300000
571.479649	1002.400000
573.836468	978.500000
576.190651	958.800000
578.544227	907.600000
580.897194	901.600000
583.247530	847.800000
585.599282	857.000000
587.944358	832.900000
590.294898	821.300000
592.638765	779.900000
594.988092	775.000000
597.332772	774.100000
599.674826	730.100000
602.018298	739.700000
604.359147	747.000000
606.699394	752.000000
609.037020	761.700000
611.378081	789.600000
613.714504	826.700000
616.052345	894.300000
618.387567	891.200000
620.720174	835.400000
623.054197	816.100000
625.385607	788.800000
627.716418	770.100000
630.046631	735.300000
632.376246	736.300000
634.701239	713.300000
637.031673	740.600000
639.357485	717.600000
641.680691	730.700000
644.005312	700.400000
646.327329	665.900000
648.648751	673.100000
650.967570	702.000000
653.287805	656.200000
655.607447	690.100000
657.924488	642.200000
660.240937	659.600000
662.554788	670.900000
664.870055	638.700000
667.182725	652.100000
669.496810	659.000000
671.806295	653.200000
674.117196	641.200000
676.425504	655.300000
678.733224	647.900000
681.042359	630.300000
683.346901	644.500000
685.650856	614.900000
687.954226	603.100000
690.259010	608.000000
692.559208	583.200000
694.860820	583.500000
697.161848	569.900000
699.458293	570.700000
701.756154	558.200000
704.053431	533.800000
706.350125	554.600000
708.642243	546.900000
710.937772	543.600000
713.228728	541.500000
715.521098	538.500000
717.810892	552.400000
720.100107	528.100000
722.388741	534.200000
724.674804	527.100000
726.962280	534.400000
729.247186	542.100000
731.531513	545.200000
733.813272	528.600000
736.096445	532.500000
738.379041	518.400000
740.657082	503.200000
742.936536	520.900000
745.215415	507.500000
747.493718	528.100000
749.767472	493.200000
752.042640	508.900000
754.317234	497.200000
756.589268	493.100000
758.862716	490.800000
761.133606	498.800000
763.401940	491.000000
765.671687	502.400000
767.938880	483.900000
770.205502	487.200000
772.471555	493.400000
774.735055	501.900000
776.999969	510.600000
779.264313	501.500000
781.524128	496.600000
783.785356	516.400000
786.046015	493.500000
788.304129	497.600000
790.559698	478.900000
792.818658	501.200000
795.071119	479.400000
797.328947	506.500000
799.582255	478.600000
801.833024	512.400000
804.085205	480.400000
806.334848	513.500000
808.585902	485.800000
810.832445	499.600000
813.080400	494.200000
815.325821	504.200000
817.572653	482.000000
819.818924	486.800000
822.060691	497.900000
824.305840	500.400000
826.544517	477.500000
828.786577	466.100000
831.024138	471.000000
833.263110	479.400000
835.499556	443.100000
837.737413	465.200000
839.972745	440.800000
842.205554	453.500000
844.439774	439.500000
846.671472	469.600000
848.902615	460.900000
851.133203	467.200000
853.363236	464.400000
855.592716	425.300000
857.817714	427.300000
860.046087	428.800000
862.269981	451.200000
864.495285	463.000000
866.716114	430.900000
868.940315	443.200000
871.160043	418.000000
873.381182	447.200000
875.601770	432.000000
877.819848	462.200000
880.039337	440.900000
882.254359	474.700000
884.468833	455.700000
886.682760	461.000000
888.896139	437.700000
891.108971	452.600000
893.321257	427.000000
895.531040	425.400000
897.740278	426.500000
899.948971	475.900000
902.155165	458.900000
904.362768	480.200000
906.567874	433.200000
908.772436	466.600000
910.974502	462.200000
913.177978	464.900000
915.378960	477.000000
917.579401	493.000000
919.781249	502.300000
921.976707	521.700000
924.175524	564.300000
926.369902	601.800000
928.567638	644.600000
930.760938	733.100000
932.955647	788.800000
935.147870	863.300000
937.339555	955.500000
939.530702	1007.100000
941.719366	1015.300000
943.907493	1040.100000
946.093140	1011.200000
948.282139	1022.900000
950.466715	1030.600000
952.650756	1011.900000
954.838147	967.400000
957.017234	1026.500000
959.199672	1015.100000
961.381576	1007.300000
963.561006	1054.300000
965.737963	1035.600000
967.916327	1051.300000
970.096099	1057.500000
972.269522	1047.600000
974.446291	1022.900000
976.618653	1019.800000
978.792423	1027.600000
980.961789	995.300000
983.134500	991.500000
985.304744	908.100000
987.474460	858.500000
989.643647	777.500000
991.808437	719.400000
993.976568	674.800000
996.140305	637.000000
998.305448	594.800000
1000.468133	576.100000
1002.630291	531.800000
1004.789993	557.100000
1006.949171	540.900000
1009.109755	551.500000
1011.267884	501.900000
1013.425489	498.100000
1015.582571	472.300000
1017.739130	475.800000
1019.891309	472.900000
1022.044894	481.000000
1024.197958	425.200000
1026.348574	438.200000
1028.500595	443.300000
1030.648243	451.300000
1032.799223	407.000000
1034.945832	444.800000
1037.091923	391.900000
1039.237494	433.300000
1041.384471	399.400000
1043.525159	394.700000
1045.669177	393.900000
1047.810754	400.100000
1049.951815	397.900000
1052.094280	419.900000
1054.230466	410.900000
1056.369978	388.900000
1058.505134	387.300000
1060.643615	398.000000
1062.777742	381.700000
1064.911356	411.300000
1067.046375	392.100000
1069.177044	409.300000
1071.309118	391.900000
1073.438763	413.700000
1075.567896	390.000000
1077.696517	387.500000
1079.824627	367.100000
1081.950311	387.700000
1084.075485	399.500000
1086.202063	383.900000
1088.324304	359.700000
1090.447948	372.800000
1092.567259	363.900000
1094.691798	398.500000
1096.810092	398.500000
1098.929791	372.200000
1101.047071	383.300000
1103.163845	378.800000
1105.280112	364.100000
1107.393964	386.700000
1109.509219	361.700000
1111.620152	358.400000
1113.734396	348.600000
1115.844320	368.200000
1117.955648	344.900000
1120.066471	349.200000
1122.172979	368.600000
1124.282795	357.200000
1126.388297	348.500000
1128.495202	371.900000
1130.595892	352.500000
1132.701794	365.000000
1134.803387	328.900000
1136.906383	342.900000
1139.008878	314.700000
1141.105166	343.400000
1143.206662	328.200000
1145.303855	335.700000
1147.400549	329.100000
1149.496745	336.100000
1151.592444	328.200000
1153.687645	346.800000
1155.780449	339.000000
1157.874655	342.900000
1159.962670	343.200000
1162.055883	349.300000
1164.142908	348.600000
1166.233232	346.400000
1168.319269	344.500000
1170.408603	350.500000
1172.491756	338.400000
1174.576311	337.700000
1176.662268	323.800000
1178.743943	344.900000
1180.827020	325.900000
1182.907711	336.400000
1184.987910	347.400000
1187.067618	356.500000
1189.146835	349.200000
1191.223670	364.600000
1193.298124	329.000000
1195.375870	363.300000
1197.449345	328.000000
1199.524221	334.500000
1201.594830	340.000000
1203.666841	349.500000
1205.736475	335.100000
1207.807510	340.700000
1209.878057	341.800000
1211.944343	347.800000
1214.012030	340.100000
1216.077345	337.900000
1218.144060	309.500000
1220.206519	328.800000
1222.272263	331.000000
1224.333754	314.100000
1226.396644	297.100000
1228.457167	303.000000
1230.517206	326.400000
1232.576763	320.800000
1234.633954	310.300000
1236.690664	345.400000
1238.745011	315.400000
1240.802638	327.900000
1242.857903	329.700000
1244.908927	354.300000
1246.961351	332.000000
1249.013295	331.300000
1251.062881	330.900000
1253.111988	337.900000
1255.160617	299.800000
1257.208767	358.900000
1259.256439	348.900000
1261.299880	327.100000
1263.346596	328.600000
1265.390959	346.500000
1267.434846	351.400000
1269.476382	355.200000
1271.515567	320.000000
1273.558026	328.200000
1275.596262	332.800000
1277.635897	370.500000
1279.675057	296.200000
1281.709998	330.800000
1283.746339	309.100000
1285.780334	345.800000
1287.815728	324.400000
1289.846908	327.300000
1291.879487	330.400000
1293.911593	337.800000
1295.941359	322.900000
1297.972523	347.300000
1299.999479	329.400000
1302.027833	326.800000
1304.051983	306.700000
1306.079397	326.700000
1308.102609	301.400000
1310.127219	314.200000
1312.149495	327.200000
1314.173168	344.600000
1316.194508	326.000000
1318.215380	324.800000
1320.235786	294.300000
1322.251997	338.300000
1324.269606	321.100000
1326.284888	306.200000
1328.303427	321.900000
1330.317778	327.000000
1332.329803	331.100000
1334.345085	341.600000
1336.356182	348.700000
1338.368676	331.000000
1340.376987	351.500000
1342.388554	343.700000
1344.394081	330.700000
1346.402864	324.900000
1348.407469	318.700000
1350.415328	340.500000
1352.422725	325.900000
1354.424091	303.900000
1356.426854	307.600000
1358.429156	306.600000
1360.430999	313.500000
1362.432382	318.600000
1364.431452	303.000000
1366.430063	335.300000
1368.428216	285.400000
1370.425911	315.700000
1372.419442	317.900000
1374.414370	307.900000
1376.408841	326.000000
1378.402855	303.300000
1380.394561	309.400000
1382.385813	295.100000
1384.374759	300.400000
1386.365100	306.800000
1388.354986	281.200000
1390.342569	300.400000
1392.329697	282.300000
1394.314525	275.600000
1396.300746	285.700000
1398.284668	283.600000
1400.268137	288.000000
1402.251154	279.300000
1404.231872	294.700000
1406.213986	309.200000
1408.193802	279.700000
1410.173168	288.600000
1412.148394	293.500000
1414.126860	280.700000
1416.103031	282.500000
1418.078754	299.700000
1420.054027	270.400000
1422.027009	286.400000
1423.999543	273.200000
1425.971630	291.700000
1427.943268	276.400000
1429.910778	299.000000
1431.883363	285.200000
1433.848141	293.000000
1435.817991	281.400000
1437.783718	281.800000
1439.750837	273.400000
1441.715673	261.700000
1443.676390	304.900000
1445.642174	297.000000
1447.602003	282.000000
1449.563225	279.600000
1451.525840	278.300000
1453.484340	296.100000
1455.442398	288.800000
1457.400013	301.000000
1459.357187	296.400000
1461.312085	286.200000
1463.268375	298.200000
1465.222391	300.700000
1467.175967	288.600000
1469.127270	307.900000
1471.079965	296.100000
1473.030389	306.000000
1474.980373	300.600000
1476.929919	299.000000
1478.877196	274.300000
1480.822206	297.800000
1482.768607	272.700000
1484.714572	279.100000
1486.660098	268.800000
1488.603360	282.200000
1490.546185	265.000000
1492.486747	283.100000
1494.428700	289.400000
1496.368392	284.500000
1498.307648	287.700000
1500.246469	267.100000
1502.183031	262.400000
1504.120984	284.000000
1506.056679	270.900000
1507.991939	277.100000
1509.924944	253.300000
1511.857516	271.700000
1513.789656	279.700000
1515.721364	286.000000
1517.650818	284.400000
1519.581663	295.900000
1521.512077	268.000000
1523.438417	292.400000
1525.366149	287.200000
1527.291630	280.200000
1529.216682	284.300000
1531.141305	279.700000
1533.065499	295.800000
1534.987446	306.900000
1536.910782	279.500000
1538.831873	302.100000
1540.750719	292.500000
1542.670955	312.700000
1544.588947	288.800000
1546.506513	305.900000
1548.421837	313.700000
1550.338551	320.500000
1552.251210	314.200000
1554.167073	363.200000
1556.080696	316.100000
1557.992082	349.300000
1559.904856	349.400000
1561.813581	353.400000
1563.723696	357.700000
1565.633387	385.000000
1567.542654	404.200000
1569.449688	446.400000
1571.354489	487.000000
1573.260679	546.100000
1575.164637	608.500000
1577.068175	693.200000
1578.971291	792.500000
1580.872179	885.900000
1582.774454	1000.700000
1584.674502	973.600000
1586.575937	934.200000
1588.473339	823.400000
1590.370322	683.300000
1592.266887	592.500000
1594.164840	490.000000
1596.056958	454.900000
1597.952269	397.300000
1599.847163	391.700000
1601.739835	355.100000
1603.632091	343.300000
1605.522126	313.700000
1607.411747	356.400000
1609.300951	317.500000
1611.189741	318.300000
1613.076314	315.500000
1614.964273	309.500000
1616.848216	310.600000
1618.733547	312.400000
1620.618463	296.700000
1622.501166	307.600000
1624.385256	290.600000
1626.265335	298.300000
1628.146800	264.000000
1630.026055	288.300000
1631.906696	264.000000
1633.781533	284.100000
1635.661352	262.700000
1637.537165	259.000000
1639.412568	264.100000
1641.289358	276.500000
1643.160350	265.500000
1645.034524	226.600000
1646.904700	242.900000
1648.778056	242.700000
1650.649209	249.500000
1652.518160	259.600000
1654.388497	260.000000
1656.254840	262.400000
1658.122569	239.400000
1659.988100	241.500000
1661.855015	247.500000
1663.717942	239.000000
1665.582254	229.900000
1667.444370	248.000000
1669.306082	240.700000
1671.169178	251.500000
1673.030080	247.000000
1674.888788	248.700000
1676.747093	230.500000
1678.606783	262.200000
1680.460706	239.100000
1682.317801	242.200000
1684.174494	241.400000
1686.027211	236.300000
1687.883098	216.700000
1689.735012	251.400000
1691.586525	234.600000
1693.437637	235.700000
1695.288349	233.200000
1697.138660	216.700000
1698.986787	220.500000
1700.836297	240.500000
1702.680059	219.600000
1704.528770	221.800000
1706.371736	242.900000
1708.217867	245.500000
1710.060037	228.400000
1711.905371	228.600000
1713.744965	223.300000
1715.585943	219.000000
1717.428304	216.100000
1719.266709	224.200000
1721.106497	234.700000
1722.944110	234.900000
1724.781327	206.300000
1726.616371	220.600000
1728.452798	222.800000
1730.287053	243.600000
1732.120913	212.000000
1733.954380	225.200000
1735.783900	213.900000
1737.616579	244.300000
1739.445314	236.700000
1741.277207	237.500000
1743.105157	214.800000
1744.932715	251.300000
1746.759881	224.300000
1748.586656	206.700000
1750.413040	225.300000
1752.235487	226.900000
1754.061088	224.100000
1755.882755	208.800000
1757.705804	214.200000
1759.526692	236.300000
1761.347190	203.400000
1763.169070	244.400000
1764.985250	226.200000
1766.804582	230.100000
1768.619987	213.800000
1770.438542	231.500000
1772.253172	215.100000
1774.067416	214.800000
1775.881272	199.600000
1777.694742	223.900000
1779.506059	214.800000
1781.318757	235.400000
1783.131068	203.600000
1784.939462	210.200000
1786.749237	207.500000
1788.555096	222.900000
1790.364101	215.300000
1792.169193	223.200000
1793.975666	206.500000
1795.781755	226.500000
1797.583934	207.000000
1799.389256	222.800000
1801.190670	212.500000
1802.993464	219.200000
1804.792352	217.200000
1806.592621	221.700000
1808.392508	199.100000
1810.190254	228.500000
1811.987618	205.500000
1813.784603	206.200000
1815.581207	202.400000
1817.375672	217.200000
1819.171516	209.300000
1820.961706	216.400000
1822.756792	203.200000
1824.546225	221.600000
1826.338795	185.800000
1828.129230	199.100000
1829.917531	216.200000
1831.708967	213.100000
1833.494757	212.900000
1835.281927	229.200000
1837.066965	206.100000
1838.855137	221.500000
1840.639423	196.300000
1842.421580	231.000000
1844.205115	220.500000
1845.986522	227.400000
1847.769308	221.200000
1849.548214	243.300000
1851.328498	207.500000
1853.106656	230.500000
1854.886193	224.200000
1856.663605	245.900000
1858.438893	215.400000
1860.215560	239.800000
1861.990103	225.300000
1863.766025	232.100000
1865.536326	222.500000
1867.309755	227.500000
1869.081064	215.500000
1870.852003	225.300000
1872.624318	225.700000
1874.391020	225.400000
1876.160848	221.700000
1877.926812	214.000000
1879.695900	226.600000
1881.461126	236.300000
1883.225983	221.700000
1884.992218	244.900000
1886.754594	220.700000
1888.516603	219.600000
1890.278244	221.600000
1892.039519	217.300000
1893.800426	224.200000
1895.560967	232.600000
1897.319398	211.800000
1899.077464	220.000000
1900.833421	224.500000
1902.590756	202.500000
1904.347724	208.200000
1906.102587	205.400000
1907.855344	189.500000
1909.607738	207.400000
1911.361507	198.700000
1913.113173	217.500000
1914.862737	198.900000
1916.613677	185.500000
1918.364253	205.500000
1920.110990	208.200000
1921.859104	196.200000
1923.605118	208.900000
1925.352508	218.300000
1927.097799	197.900000
1928.840993	195.800000
1930.585563	229.400000
1932.328036	216.300000
1934.070149	209.600000
1935.811902	209.000000
1937.553296	208.000000
1939.292596	188.200000
1941.031536	212.500000
1942.770119	193.700000
1944.506609	199.300000
1946.242742	213.850000
1947.980249	228.400000
1949.713934	184.400000
1951.448994	219.200000
1953.181966	196.000000
1954.914581	219.800000
1956.646839	192.100000
1958.378741	226.100000
1960.108557	207.000000
1961.836289	217.200000
1963.565394	195.600000
1965.294145	191.500000
1967.020812	191.000000
1968.747125	197.100000
1970.474811	213.300000
1972.196961	200.800000
1973.922212	186.700000
1975.643657	196.900000
1977.368201	197.500000
1979.090666	205.700000
1980.809327	197.600000
1982.531087	210.700000
1984.249045	184.300000
1985.968376	194.900000
1987.683908	186.800000
1989.404261	198.500000
1991.120814	188.700000
1992.833571	202.800000
1994.549425	182.800000
1996.263205	204.100000
1997.976636	203.700000
1999.687996	203.900000
2001.400729	187.400000
2003.109670	206.300000
2004.821705	199.900000
2006.528230	180.500000
2008.237848	189.700000
2009.945398	190.000000
2011.652601	191.500000
2013.357738	194.200000
2015.062528	206.600000
2016.768690	188.200000
2018.471070	179.800000
2020.174822	210.000000
2021.876510	175.500000
2023.577854	186.500000
2025.278852	191.000000
2026.977790	205.800000
2028.678098	196.500000
2030.374632	214.400000
2032.072537	185.200000
2033.768383	198.800000
2035.467315	191.400000
2037.160761	206.700000
2038.855579	168.000000
2040.550053	195.000000
2042.240759	163.300000
2043.934549	193.100000
2045.624572	173.100000
2047.315966	184.500000
2049.005307	176.300000
2050.696018	173.100000
2052.382966	188.900000
2054.069575	203.300000
2055.757554	186.100000
2057.441773	198.400000
2059.127362	202.400000
2060.812612	187.700000
2062.495814	189.500000
2064.180385	192.500000
2065.859494	170.100000
2067.543388	194.200000
2069.221822	176.500000
2070.903332	204.300000
2072.581092	177.500000
2074.258514	192.900000
2075.937306	177.700000
2077.614056	177.000000
2079.288764	183.500000
2080.964841	199.900000
2082.638878	183.000000
2084.312579	197.000000
2085.985945	161.700000
2087.657273	162.800000
2089.328266	185.500000
2090.998925	186.200000
2092.669249	186.700000
2094.339240	196.900000
2096.007195	174.000000
2097.674817	178.800000
2099.340404	174.000000
2101.007361	188.900000
2102.672283	166.700000
2104.336874	192.500000
2105.999433	176.900000
2107.663360	193.200000
2109.325257	178.200000
2110.986822	181.800000
2112.648056	195.500000
2114.307262	185.100000
2115.966137	193.500000
2117.624683	193.200000
2119.282899	175.100000
2120.937391	197.300000
2122.594948	177.700000
2124.252176	181.600000
2125.905682	170.600000
2127.560556	189.500000
2129.211712	160.400000
2130.865929	191.800000
2132.516430	178.900000
2134.168297	175.900000
2135.814756	172.800000
2137.465970	178.700000
2139.113470	188.200000
2140.762337	179.300000
2142.409186	189.500000
2144.055708	166.300000
2145.701905	175.600000
2147.344394	174.700000
2148.989941	164.200000
2150.631781	169.900000
2152.276678	157.200000
2153.917870	177.300000
2155.558738	169.500000
2157.199282	188.800000
2158.837814	178.800000
2160.477712	165.100000
2162.113910	170.600000
2163.751475	187.000000
2165.388716	184.100000
2167.023948	187.400000
2168.658859	170.500000
2170.293448	178.700000
2171.927715	181.300000
2173.558289	195.000000
2175.191915	155.600000
2176.821849	193.100000
2178.453148	176.700000
2180.082442	184.300000
2181.711417	174.400000
2183.340073	192.200000
2184.968409	167.800000
2186.594742	181.300000
2188.220757	152.600000
2189.844771	187.900000
2191.470149	171.500000
2193.093528	197.000000
2194.718270	169.200000
2196.339332	177.000000
2197.960077	165.500000
2199.582187	174.600000
2201.202299	159.900000
2202.820414	163.000000
2204.438214	167.400000
2206.055699	182.000000
2207.672868	168.000000
2209.289722	188.700000
2210.906261	177.000000
2212.520806	182.000000
2214.133359	160.200000
2215.747276	184.300000
2217.359202	167.800000
2218.972491	181.500000
2220.583790	188.200000
2222.193099	164.900000
2223.803772	176.900000
2225.412456	182.300000
2227.020828	173.700000
2228.627212	173.400000
2230.234960	175.600000
2231.840721	176.100000
2233.446171	159.600000
2235.049636	178.400000
2236.654464	150.000000
2238.257309	179.700000
2239.858170	159.100000
2241.460393	166.300000
2243.060635	162.900000
2244.662239	183.100000
2246.260191	174.300000
2247.859505	177.200000
2249.456839	158.000000
2251.053864	173.900000
2252.652252	173.300000
2254.246991	177.900000
2255.839753	183.600000
2257.433878	175.500000
2259.029364	156.700000
2260.621206	171.900000
2262.212741	163.300000
2263.805637	175.300000
2265.393224	157.000000
2266.985508	177.200000
2268.572484	172.700000
2270.162489	182.000000
2271.747189	174.200000
2273.336583	165.100000
2274.920674	169.600000
2276.506127	178.500000
2278.089610	167.300000
2279.676120	182.600000
2281.258996	182.100000
2282.841568	163.500000
2284.423837	170.400000
2286.002477	176.400000
2287.584140	159.800000
2289.162175	174.300000
2290.743233	172.000000
2292.320665	174.450000
2293.896132	176.900000
2295.474622	173.700000
2297.049488	175.100000
2298.624053	157.200000
2300.198318	146.400000
2301.772282	178.700000
2303.345946	159.300000
2304.919309	182.600000
2306.489054	173.500000
2308.058500	153.800000
2309.630965	167.700000
2311.198154	172.700000
2312.768362	159.700000
2314.334955	169.000000
2315.902908	153.500000
2317.468905	161.400000
2319.034605	145.700000
2320.600008	158.900000
2322.163456	164.400000
2323.728264	174.100000
2325.289464	168.300000
2326.853678	192.200000
2328.412631	164.300000
2329.974597	202.700000
2331.534613	155.600000
2333.094333	167.500000
2334.652104	158.200000
2336.209580	161.400000
2337.766762	160.000000
2339.321997	181.400000
2340.876937	150.500000
2342.431584	160.900000
2343.985937	174.200000
2345.539996	173.800000
2347.093761	150.400000
2348.645583	173.900000
2350.195461	159.500000
2351.748347	175.100000
2353.295991	164.400000
2354.846642	168.200000
2356.393702	162.100000
2357.942121	176.000000
2359.490247	142.500000
2361.034785	172.800000
2362.580681	163.500000
2364.124639	163.800000
2365.669954	149.300000
2367.211684	149.800000
2368.754771	155.200000
2370.295923	179.600000
2371.836785	170.600000
2373.377358	137.400000
2374.917641	154.800000
2376.457636	161.100000
2377.994053	159.700000
2379.533471	159.500000
2381.069312	157.400000
2382.606509	146.300000
2384.140131	157.200000
2385.676754	153.700000
2387.211445	153.800000
2388.744207	174.300000
2390.276682	162.700000
2391.807230	153.600000
2393.340775	166.400000
2394.869109	167.900000
2396.398799	168.200000
2397.928204	165.500000
2399.457323	151.200000
2400.986158	162.100000
2402.509787	174.900000
2404.038053	165.500000
2405.561115	171.500000
2407.088811	157.600000
2408.609668	135.900000
2410.135158	164.500000
2411.657087	137.600000
2413.180372	172.100000
2414.701736	181.000000
2416.221180	169.000000
2417.741979	153.000000
2419.260859	158.100000
2420.779457	142.200000
2422.296138	186.300000
2423.814173	184.300000
2425.331927	155.200000
2426.846130	157.400000
2428.360052	186.800000
2429.873694	186.500000
2431.388691	161.900000
2432.900139	176.000000
2434.412942	171.300000
2435.923832	161.100000
2437.434442	180.100000
2438.943141	166.700000
2440.454827	187.700000
2441.962968	181.500000
2443.470832	171.000000
2444.978418	193.900000
2446.482463	214.000000
2447.989494	176.400000
2449.494616	209.000000
2450.999461	173.200000
2452.502399	208.100000
2454.005060	201.500000
2455.507445	216.300000
2457.007925	196.700000
2458.509758	221.600000
2460.009687	198.200000
2461.509340	204.300000
2463.008717	183.400000
2464.506192	198.700000
2466.001765	186.700000
2467.500319	193.200000
2468.995343	181.900000
2470.491721	194.100000
2471.984571	174.300000
2473.478775	176.800000
2474.972705	165.300000
2476.463112	169.500000
2477.956495	172.900000
2479.447981	165.300000
2480.937570	180.900000
2482.426887	176.500000
2483.914309	176.500000
2485.404706	169.100000
2486.891584	179.200000
2488.379814	174.500000
2489.864528	172.900000
2491.348971	180.900000
2492.834766	153.200000
2494.318668	181.200000
2495.803922	166.100000
2497.284042	161.100000
2498.767134	156.500000
2500.248336	165.800000
2501.729269	175.700000
2503.208313	153.000000
2504.687088	167.400000
2506.165595	166.300000
2507.643834	148.100000
2509.121804	137.600000
2510.596270	155.000000
2512.073704	144.800000
2513.547635	147.900000
2515.022916	154.000000
2516.497931	145.500000
2517.969444	175.400000
2519.442307	158.800000
2520.913288	144.800000
2522.385619	155.100000
2523.852837	144.500000
2525.323020	145.200000
2526.791323	166.500000
2528.259361	166.900000
2529.727134	174.900000
2531.194642	152.400000
2532.661885	162.700000
2534.125636	146.100000
2535.590737	155.500000
2537.053961	145.900000
2538.518535	142.600000
2539.979619	137.600000
2541.442053	158.800000
2542.904224	143.800000
2544.362909	137.500000
2545.826166	155.200000
2547.284326	154.800000
2548.743835	133.600000
2550.198251	154.900000
2551.657236	130.900000
2553.114350	155.500000
2554.569593	143.600000
2556.024575	159.300000
2557.477687	140.300000
2558.932148	147.000000
2560.384740	136.700000
2561.837072	167.300000
2563.287536	148.800000
2564.740956	156.600000
2566.189294	154.700000
2567.640588	165.900000
2569.090015	135.100000
2570.535970	156.100000
2571.984881	144.800000
2573.430320	162.500000
2574.877108	162.700000
2576.322032	175.500000
2577.766699	146.900000
2579.212713	175.000000
2580.655260	172.600000
2582.099155	171.300000
2583.539585	164.800000
2584.981362	150.500000
2586.421280	147.000000
2587.862545	169.600000
2589.300349	161.300000
2590.741102	163.200000
2592.176792	150.700000
2593.615432	164.600000
2595.052215	165.900000
2596.487141	168.100000
2597.925016	163.700000
2599.357832	171.300000
2600.791996	153.400000
2602.224306	171.200000
2603.657962	153.800000
2605.089765	170.800000
2606.521315	159.500000
2607.952611	173.500000
2609.382055	166.900000
2610.811248	159.900000
2612.238589	171.000000
2613.667277	185.000000
2615.095712	157.700000
2616.520700	188.300000
2617.947035	169.000000
2619.371521	183.400000
2620.797353	170.700000
2622.219741	174.200000
2623.643475	173.800000
2625.065362	194.100000
2626.487000	165.600000
2627.906792	177.000000
2629.327930	203.200000
2630.748818	204.800000
2632.166268	196.000000
2633.586657	210.100000
2635.003609	206.600000
2636.420313	240.800000
2637.836768	228.600000
2639.252975	263.100000
2640.668933	265.000000
2642.083051	278.400000
2643.496922	268.200000
2644.908953	281.500000
2646.322329	291.700000
2647.732275	323.500000
2649.145156	342.700000
2650.554610	366.900000
2651.963817	396.100000
2653.371187	420.800000
2654.781493	448.700000
2656.189962	509.200000
2657.596596	528.300000
2659.002985	586.800000
2660.407540	606.000000
2661.813439	649.800000
2663.217505	702.500000
2664.621326	744.700000
2666.024904	756.100000
2667.426649	833.400000
2668.829738	851.800000
2670.229409	895.500000
2671.630424	910.500000
2673.028023	958.200000
2674.428552	960.600000
2675.825666	975.100000
2677.224123	960.200000
2678.620752	939.500000
2680.017139	895.500000
2681.413285	893.800000
2682.807604	817.100000
2684.203266	799.900000
2685.595518	784.300000
2686.989114	755.100000
2688.380885	658.400000
2689.773998	640.300000
2691.165288	571.300000
2692.554755	538.500000
2693.943982	504.400000
2695.332970	466.100000
2696.723300	417.000000
2698.108645	400.500000
2699.496914	357.200000
2700.883363	337.600000
2702.269573	316.600000
2703.655545	318.800000
2705.038117	268.600000
2706.422032	284.400000
2707.805709	244.500000
2709.189148	255.500000
2710.569191	239.300000
2711.950576	242.400000
2713.330145	224.100000
2714.711056	212.800000
2716.090151	199.200000
2717.467433	199.000000
2718.846056	187.800000
2720.222866	219.600000
2721.599440	183.300000
2722.975778	192.300000
2724.350304	181.400000
2725.726171	192.200000
2727.098651	168.600000
2728.474047	190.500000
2729.844483	173.800000
2731.216260	176.400000
2732.587802	153.200000
2733.957536	175.200000
2735.328611	178.700000
2736.697877	162.200000
2738.066911	145.400000
2739.434137	145.500000
2740.801131	139.400000
2742.167892	148.100000
2743.534420	147.300000
2744.899143	153.900000
2746.263635	163.900000
2747.627894	155.500000
2748.991921	152.900000
2750.355717	157.400000
2751.716139	146.600000
2753.079472	142.500000
2754.437862	156.700000
2755.799162	134.700000
2757.157091	130.000000
2758.517930	158.300000
2759.876968	120.300000
2761.232638	153.600000
2762.591216	112.800000
2763.946428	146.800000
2765.301410	124.000000
2766.654595	152.400000
2768.010687	146.100000
2769.363415	135.400000
2770.715914	138.700000
2772.068185	136.100000
2773.421795	141.500000
2774.772043	138.300000
2776.120498	143.900000
2777.471857	137.400000
2778.819857	137.100000
2780.169196	135.500000
2781.516742	139.600000
2782.864061	136.600000
2784.211154	136.400000
2785.556456	130.500000
2786.901532	103.200000
2788.246382	141.800000
2789.591005	133.700000
2790.932277	141.200000
2792.274887	117.400000
2793.617271	123.300000
2794.959431	139.700000
2796.298241	134.200000
2797.639950	132.600000
2798.978312	147.400000
2800.318011	127.800000
2801.655924	152.800000
2802.992053	108.400000
2804.327958	142.000000
2805.665201	139.500000
2807.000660	146.100000
2808.335896	118.500000
2809.669349	141.200000
2811.004140	111.300000
2812.335589	143.900000
2813.669934	128.400000
2814.999381	124.100000
2816.330165	132.300000
2817.660727	140.600000
2818.989510	119.700000
2820.319629	133.200000
2821.647970	131.300000
2822.976090	137.000000
2824.302432	122.000000
2825.630111	147.200000
2826.954457	100.400000
2828.280138	128.100000
2829.604044	129.100000
2830.927731	125.800000
2832.252753	123.300000
2833.574445	145.200000
2834.895919	106.600000
2836.217174	133.700000
2837.538210	116.000000
2838.857474	142.700000
2840.178073	128.700000
2841.496900	139.000000
2842.815509	117.900000
2844.132347	112.600000
2845.448968	98.900000
2846.765372	125.600000
2848.080007	110.700000
2849.395976	131.500000
2850.708625	108.200000
2852.022610	121.700000
2853.336377	116.100000
2854.649929	127.500000
2855.961713	120.500000
2857.271731	111.900000
2858.583084	92.600000
2859.891122	132.200000
2861.200495	108.100000
2862.509652	125.500000
2863.818594	133.500000
2865.125773	135.600000
2866.431188	116.500000
2867.737938	133.500000
2869.042925	117.100000
2870.347699	130.200000
2871.650711	122.300000
2872.956605	133.300000
2874.257643	116.000000
2875.560016	122.700000
2876.860629	123.000000
2878.162576	123.400000
2879.464310	94.900000
2880.762739	135.200000
2882.062503	120.100000
2883.360508	124.300000
2884.658302	118.500000
2885.954340	132.400000
2887.251711	114.600000
2888.547326	115.100000
2889.842730	128.500000
2891.137924	118.900000
2892.429819	105.200000
2893.724591	125.500000
2895.016066	105.100000
2896.308874	115.200000
2897.601472	116.200000
2898.890776	122.100000
2900.181412	118.900000
2901.470297	97.600000
2902.760515	115.700000
2904.047440	131.000000
2905.335699	121.200000
2906.622207	124.600000
2907.908508	112.500000
2909.194600	109.000000
2910.478944	105.800000
2911.766160	132.800000
2913.048548	112.000000
2914.332269	116.700000
2915.614244	116.200000
2916.896012	121.800000
2918.176034	104.800000
2919.458926	117.100000
2920.740073	96.600000
2922.017938	116.000000
2923.298672	116.300000
2924.576125	134.000000
2925.853372	107.000000
2927.128878	139.400000
2928.407251	106.600000
2929.680809	115.600000
2930.957235	112.500000
2932.231920	134.900000
2933.504865	100.500000
2934.779140	113.700000
2936.051676	111.800000
2937.324008	106.200000
2938.593066	111.700000
2939.864990	113.900000
2941.135176	106.500000
2942.405159	129.300000
2943.674938	102.300000
2944.942980	122.600000
2946.209287	118.600000
2947.475391	122.300000
2948.742825	100.100000
2950.008525	124.400000
2951.274022	103.700000
2952.539317	104.000000
2953.801347	88.900000
2955.064708	112.900000
2956.327866	105.100000
2957.589293	106.000000
2958.852049	123.400000
2960.113074	108.900000
2961.372367	113.800000
2962.631461	104.400000
2963.890354	102.600000
2965.149047	101.700000
2966.407540	81.100000
2967.664304	96.900000
2968.920868	112.400000
2970.175705	120.600000
2971.431871	105.500000
2972.684781	116.100000
2973.939021	110.600000
2975.193062	115.000000
2976.445377	101.800000
2977.697494	95.200000
2978.947886	93.300000
2980.201133	109.100000
2981.449603	106.000000
2982.700927	108.000000
2983.949003	104.400000
2985.196881	103.100000
2986.444562	99.200000
2987.692047	113.800000
2988.937810	106.900000
2990.183376	112.400000
2991.430270	101.600000
2992.673920	128.700000
2993.918898	117.600000
2995.160633	105.500000
2996.405218	82.200000
2997.648085	120.500000
2998.887711	85.500000
3000.130187	111.500000
3001.369424	92.500000
3002.609988	86.500000
3003.848835	116.000000
3005.087488	121.000000
3006.324425	107.800000
3007.562689	115.100000
3008.799239	98.700000
3010.035594	100.300000
3011.271756	95.200000
3012.506205	113.700000
3013.740460	118.300000
3014.974522	105.600000
3016.206872	102.300000
3017.437510	99.400000
3018.670994	109.500000
3019.902766	87.600000
3021.132828	99.700000
3022.362698	105.900000
3023.590858	123.000000
3024.820344	118.100000
3026.048122	99.700000
3027.275708	113.500000
3028.504620	103.700000
3029.728790	113.800000
3030.955803	88.200000
3032.179592	92.300000
3033.404708	93.800000
3034.628117	98.700000
3035.851337	99.000000
3037.072851	97.100000
3038.297206	96.600000
3039.516826	102.400000
3040.737771	101.900000
3041.958528	85.000000
3043.177581	98.700000
3044.397960	97.500000
3045.615122	94.600000
3046.833609	111.700000
3048.050394	92.600000
3049.266992	88.400000
3050.483401	86.700000
3051.696598	103.400000
3052.912632	99.700000
3054.125454	90.900000
3055.341113	89.100000
3056.552049	103.700000
3057.764310	100.800000
3058.976385	109.200000
3060.188273	90.500000
3061.398463	90.700000
3062.608467	89.800000
3063.818286	111.100000
3065.026408	89.000000
3066.234344	88.400000
3067.440586	91.300000
3068.648151	101.600000
3069.854023	100.400000
3071.059709	99.200000
3072.265210	95.300000
3073.469018	100.400000
3074.674150	91.400000
3075.877590	97.800000
3077.079337	89.900000
3078.280901	102.800000
3079.482281	102.400000
3080.683477	102.600000
3081.882983	96.600000
3083.082305	82.600000
3084.282951	93.600000
3085.481907	102.100000
3086.677669	81.100000
3087.876260	79.900000
3089.071657	81.500000
3090.268377	105.200000
3091.461905	91.600000
3092.658261	96.800000
3093.852931	78.700000
3095.044410	101.000000
3096.240220	71.100000
3097.431337	92.900000
3098.623776	85.000000
3099.813028	80.200000
3101.005106	96.700000
3102.195499	87.700000
3103.382707	93.000000
3104.571238	94.000000
3105.761091	83.100000
3106.947759	97.900000
3108.134248	76.100000
3109.320557	77.400000
3110.508188	89.700000
3111.692638	93.500000
3112.875407	89.400000
3114.061000	99.500000
3115.244912	91.900000
3116.427146	80.700000
3117.609201	76.800000
3118.791079	109.900000
3119.972778	82.200000
3121.152799	92.000000
3122.331144	96.400000
3123.512310	93.600000
3124.690300	88.500000
3125.868113	79.100000
3127.045749	78.100000
3128.221710	99.700000
3129.397494	85.300000
3130.574600	91.100000
3131.750031	78.500000
3132.923789	69.700000
3134.095875	83.400000
3135.269281	86.500000
3136.442512	84.900000
3137.614070	101.600000
3138.786950	100.900000
3139.956662	90.800000
3141.127695	63.100000
3142.297057	87.100000
3143.464750	81.600000
3144.635258	69.600000
3145.801107	100.000000
3146.971266	87.000000
3148.136767	78.600000
3149.302095	90.200000
3150.467249	67.600000
3151.632229	81.500000
3152.798530	67.800000
3153.960177	97.600000
3155.123145	77.500000
3156.285939	105.600000
3157.448561	95.900000
3158.609518	92.800000
3159.770302	57.600000
3160.930914	88.600000
3162.089863	74.500000
3163.248639	71.800000
3164.407244	79.700000
3165.565677	80.900000
3166.723938	71.400000
3167.880537	86.800000
3169.035475	65.100000
3170.191732	100.300000
3171.346329	75.400000
3172.500754	95.200000
3173.653520	65.100000
3174.806116	77.400000
3175.958541	71.700000
3177.110797	87.500000
3178.262883	73.300000
3179.411822	70.800000
3180.563568	67.900000
3181.713656	78.800000
3182.862088	89.000000
3184.010351	95.500000
3185.158444	89.700000
3186.306369	107.700000
3187.452639	65.600000
3188.598740	86.600000
3189.743186	73.000000
3190.887465	86.200000
3192.031576	85.300000
3193.177005	80.500000
3194.319294	92.300000
3195.461417	88.900000
3196.603372	73.500000
3197.745161	79.300000
3198.886782	79.500000
3200.025267	91.800000
3201.165070	62.400000
3202.306191	92.000000
3203.444177	71.600000
3204.580514	91.700000
3205.716685	65.100000
3206.854174	68.700000
3207.990013	89.300000
3209.127170	74.800000
3210.259714	80.400000
3211.396540	73.300000
3212.528754	81.800000
3213.662286	84.300000
3214.795652	81.800000
3215.925891	89.000000
3217.058928	70.800000
3218.188839	70.300000
3219.320067	82.400000
3220.448169	68.200000
3221.579068	80.700000
3222.708324	90.600000
3223.835935	75.700000
3224.960425	83.500000
3226.089190	66.200000
3227.214833	85.100000
3228.340313	85.900000
3229.464152	91.500000
3230.590785	76.200000
3231.712821	93.300000
3232.836173	90.500000
3233.959363	93.300000
3235.082391	111.800000
3236.203779	103.600000
3237.325006	97.900000
3238.444594	81.100000
3239.564021	108.600000
3240.681810	106.600000
3241.802392	125.800000
3242.919859	113.900000
3244.037167	106.700000
3245.154313	106.800000
3246.269824	121.300000
3247.386650	112.600000
3248.500365	104.800000
3249.616870	91.000000
3250.731741	93.300000
3251.843503	100.000000
3252.955106	82.100000
3254.068023	97.900000
3255.180782	78.800000
3256.290434	98.200000
3257.401400	65.100000
3258.512208	59.700000
3259.621385	57.400000
3260.728930	99.500000
3261.837790	80.500000
3262.946491	71.100000
3264.052090	73.900000
3265.159003	92.300000
3266.264288	73.600000
3267.370886	93.500000
3268.474384	67.600000
3269.579196	72.800000
3270.683851	73.300000
3271.785407	94.300000
3272.886808	77.300000
3273.989522	80.300000
3275.092079	66.800000
3276.191540	90.200000
3277.293785	59.000000
3278.392934	68.600000
3279.490459	78.700000
3280.587828	91.900000
3281.687980	76.100000
3282.785038	59.700000
3283.881941	71.500000
3284.978689	77.200000
3286.070879	76.900000
3287.167317	65.900000
3288.262134	74.300000
3289.356795	65.600000
3290.449835	56.200000
3291.542721	58.400000
3292.633986	51.400000
3293.726564	86.200000
3294.817521	63.500000
3295.906859	69.100000
3296.996044	53.200000
3298.086542	78.400000
3299.173955	65.800000
3300.261216	75.900000
3301.349789	68.200000
3302.438209	73.000000
3303.522082	68.800000
3304.610197	88.300000
3305.695231	75.200000
3306.778648	74.800000
3307.863378	66.500000
3308.946493	76.300000
3310.030919	70.300000
3311.112267	72.600000
3312.194927	69.600000
3313.275973	81.900000
3314.356868	57.200000
3315.436150	82.900000
3316.515281	72.100000
3317.595723	93.400000
3318.673092	56.000000
3319.751771	89.100000
3320.828840	75.700000
3321.905758	71.500000
3322.981065	66.200000
3324.056223	92.500000
3325.132692	69.300000
3326.206091	69.800000
3327.279341	69.400000
3328.353902	87.100000
3329.426853	62.300000
3330.498197	79.600000
3331.570851	61.900000
3332.640438	76.900000
3333.711336	70.400000
3334.780627	75.700000
3335.851229	68.200000
3336.920224	66.600000
3337.987613	70.900000
3339.053397	64.700000
3340.123407	66.900000
3341.190354	60.400000
3342.254239	52.200000
3343.320892	91.400000
3344.385940	61.200000
3345.449385	64.300000
3346.512684	71.200000
3347.575836	88.200000
3348.638842	78.500000
3349.701702	67.600000
3350.762960	62.200000
3351.821161	54.800000
3352.883583	51.800000
3353.942948	85.400000
3355.002168	62.900000
3356.062698	64.600000
3357.118718	66.700000
3358.177503	73.400000
3359.231780	61.200000
3360.288820	66.200000
3361.344263	64.500000
3362.401014	58.900000
3363.456168	61.600000
3364.509724	79.500000
3365.561683	64.600000
3366.616404	75.900000
3367.668076	71.100000
3368.719605	68.700000
3369.772443	53.900000
3370.822233	70.200000
3371.873331	57.300000
3372.921384	66.200000
3373.972197	63.500000
3375.019964	94.700000
3376.067589	62.700000
3377.115071	70.800000
3378.160961	55.800000
3379.208159	75.400000
3380.252315	54.600000
3381.299229	60.500000
3382.344551	65.500000
3383.386833	86.900000
3384.428973	73.200000
3385.472421	46.900000
3386.515729	64.900000
3387.557446	68.800000
3388.599022	66.400000
3389.640458	66.100000
3390.680304	53.500000
3391.718563	77.500000
3392.758129	71.500000
3393.797554	55.100000
3394.835392	48.100000
3395.871643	64.500000
3396.907755	58.000000
3397.945174	74.200000
3398.979560	84.400000
3400.015253	47.700000
3401.050807	72.000000
3402.083330	57.900000
3403.118606	57.900000
3404.150851	61.900000
3405.182958	62.000000
3406.213481	66.700000
3407.245312	42.200000
3408.277003	67.400000
3409.305668	61.900000
3410.334194	62.400000
3411.364028	57.000000
3412.393723	64.400000
3413.420393	73.800000
3414.448370	71.100000
3415.473322	54.500000
3416.501024	63.200000
3417.525703	67.700000
3418.551688	56.400000
3419.576093	50.200000
3420.600362	66.300000
3421.623052	54.800000
3422.645606	61.900000
3423.669466	70.700000
3424.690306	75.500000
3425.711011	54.500000
3426.733021	58.300000
3427.752013	71.200000
3428.770870	74.000000
3429.791032	67.400000
3430.808178	49.600000
