-118.362301	-1.409524
-115.692700	-3.957143
-113.026036	-1.857143
-110.360123	1.190476
-107.697142	-6.561905
-105.032732	-0.600000
-102.371252	-6.685714
-99.708342	2.171429
-97.050540	6.400000
-94.391307	15.171429
-91.732823	8.628571
-89.077264	8.476190
-86.420276	3.371429
-83.768385	3.809524
-81.115065	0.219048
-78.464665	6.304762
-75.812835	3.238095
-73.166096	0.504762
-70.517927	3.866667
-67.870502	3.276190
-65.225990	1.657143
-62.580050	3.342857
-59.939191	2.961905
-57.296902	6.057143
-54.657523	10.161905
-52.016715	7.961905
-49.376646	2.838095
-46.741651	-6.504762
-44.105226	-5.019048
-41.471705	-0.838095
-38.836755	8.142857
-36.206870	14.876190
-33.573392	12.590476
-30.944977	15.666667
-28.317296	24.238095
-25.688187	33.457143
-23.064134	39.342857
-20.436492	45.228571
-17.813903	45.695238
-15.192045	29.133333
-12.570918	-4.590476
-9.950522	49.819048
-7.333013	1878.257143
-4.714076	7361.847619
-2.098025	12116.714286
0.517298	12931.266667
3.131894	9897.200000
5.743608	4312.571429
8.356749	-225.809524
10.964857	-622.504762
13.576547	-29.761905
16.183206	29.590476
18.791293	24.457143
21.398656	20.209524
24.000994	15.923810
26.606910	18.923810
29.207805	13.038095
31.810127	13.657143
34.407431	13.161905
37.008311	14.161905
39.604177	12.809524
42.201470	25.723810
44.798044	25.933333
47.389609	23.276190
49.982602	20.323810
52.572734	13.723810
55.164294	-1.542857
57.752994	5.647619
60.343122	0.114286
62.928250	3.314286
65.514806	0.200000
68.100647	-1.790476
70.683635	-10.866667
73.268050	-6.228571
75.845335	-0.923810
78.426187	14.628571
81.004190	15.380952
83.581483	10.476190
86.160202	-2.904762
88.733940	-10.161905
91.309104	-6.161905
93.881425	0.200000
96.453039	0.923810
99.021812	6.361905
101.592012	1.752381
104.159373	4.590476
106.728161	-0.771429
109.294111	4.009524
111.857227	2.285714
114.423900	13.485714
116.981350	22.485714
119.544486	43.761905
122.102663	49.580952
124.664393	87.342857
127.221168	124.676190
129.779368	191.961905
132.332616	292.066667
134.885165	429.923810
137.441266	585.019048
139.992418	761.942857
142.542872	936.028571
145.092630	1079.000000
147.639568	1180.409524
150.185810	1242.028571
152.733479	1282.476190
155.280451	1301.104762
157.822487	1315.076190
160.363830	1306.933333
162.904481	1291.971429
165.446556	1275.771429
167.985821	1261.180952
170.522276	1252.019048
173.058041	1238.380952
175.595231	1235.771429
178.131729	1232.704762
180.665422	1229.019048
183.196312	1219.638095
185.726513	1226.904762
188.258139	1223.238095
190.786964	1225.695238
193.312991	1223.495238
195.838331	1221.828571
198.365096	1214.314286
200.889065	1224.314286
203.412348	1209.914286
205.934947	1211.780952
208.454753	1214.180952
210.973876	1217.066667
213.492316	1212.666667
216.012180	1225.914286
218.525043	1223.952381
221.041437	1260.266667
223.557149	1289.942857
226.067972	1320.628571
228.580219	1335.600000
231.089683	1338.923810
233.598469	1323.333333
236.106577	1333.238095
238.616109	1335.980952
241.120760	1343.047619
243.624735	1345.323810
246.130134	1344.028571
248.630658	1339.371429
251.134705	1343.133333
253.631782	1345.076190
256.132381	1328.028571
258.630209	1322.733333
261.127364	1322.752381
263.623846	1319.466667
266.115466	1324.666667
268.610604	1326.352381
271.102977	1319.419048
273.594679	1307.514286
276.083618	1307.323810
278.573980	1322.676190
281.061581	1343.123810
283.546422	1350.514286
286.034777	1363.238095
288.516193	1375.142857
291.001124	1389.704762
293.481208	1417.114286
295.964805	1450.314286
298.443560	1478.142857
300.923737	1498.285714
303.401163	1508.247619
305.877925	1491.495238
308.354023	1454.247619
310.827373	1428.819048
313.300062	1402.419048
315.772088	1395.800000
318.243454	1407.019048
320.712076	1425.180952
323.180038	1416.114286
325.649423	1392.533333
328.113985	1343.095238
330.582050	1293.628571
333.045296	1266.990476
335.507885	1250.400000
337.969816	1244.066667
340.431091	1233.600000
342.889632	1222.304762
345.349595	1212.057143
347.806826	1188.885714
350.263402	1180.933333
352.719323	1163.542857
355.172516	1148.304762
357.627131	1142.638095
360.076944	1133.742857
362.530253	1107.238095
364.978763	1101.552381
367.426623	1086.409524
369.875904	1085.676190
372.320392	1084.657143
374.766302	1071.419048
377.211563	1050.238095
379.654105	1030.095238
382.095999	1019.533333
384.537245	1012.780952
386.975776	1012.304762
389.415729	1011.523810
391.852968	1008.876190
394.287495	993.685714
396.725510	989.561905
399.158748	992.190476
401.593408	990.771429
404.023294	987.095238
406.456667	984.323810
408.885268	972.095238
411.313229	957.819048
413.742610	975.276190
416.167227	972.285714
418.593264	968.961905
421.018662	958.323810
423.443419	947.990476
425.863417	921.657143
428.284837	920.619048
430.703560	906.561905
433.123704	902.838095
435.541153	879.657143
437.960022	877.771429
440.376198	862.171429
442.787627	841.161905
445.202532	822.819048
447.614747	804.323810
450.026328	769.942857
452.437275	759.742857
454.845536	749.447619
457.253165	737.085714
459.660161	725.885714
462.066525	722.342857
464.470208	724.152381
466.873260	736.047619
469.275682	747.409524
471.677474	756.504762
474.076588	747.047619
476.477122	751.219048
478.877027	755.152381
481.272209	779.580952
483.670858	793.980952
486.064787	827.019048
488.458090	862.561905
490.850767	915.580952
493.242819	978.647619
495.636290	1071.780952
498.025048	1202.761905
500.411140	1416.790476
502.798652	1763.447619
505.185540	2318.514286
507.569765	3259.066667
509.955409	4690.314286
512.338390	6534.009524
514.718711	8342.942857
517.100451	9518.304762
519.479532	9629.428571
521.860032	8784.209524
524.237874	7438.838095
526.613061	6104.923810
528.987630	5064.942857
531.363618	4323.980952
533.736952	3772.866667
536.111705	3341.714286
538.481771	2992.523810
540.851222	2685.209524
543.222092	2446.200000
545.588280	2245.361905
547.955887	2093.838095
550.320848	1978.476190
552.685196	1883.028571
555.048932	1790.676190
557.414085	1726.619048
559.774566	1668.390476
562.136464	1610.057143
564.495723	1565.628571
566.852343	1528.857143
569.212409	1479.400000
571.565783	1426.895238
573.922602	1371.190476
576.276786	1322.752381
578.630361	1279.933333
580.983328	1248.761905
583.333664	1229.828571
585.685416	1211.952381
588.030492	1178.980952
590.381032	1157.371429
592.724899	1123.409524
595.074226	1094.857143
597.418906	1077.866667
599.760961	1059.438095
602.104433	1045.342857
604.445281	1054.323810
606.785528	1067.657143
609.123154	1104.666667
611.464215	1146.466667
613.800639	1190.057143
616.138479	1217.200000
618.473701	1214.342857
620.806308	1170.980952
623.140332	1119.314286
625.471741	1066.980952
627.802552	1044.047619
630.132765	1025.857143
632.462380	1015.161905
634.787373	1008.333333
637.117807	995.057143
639.443619	986.942857
641.766825	976.447619
644.091447	961.438095
646.413463	959.142857
648.734885	953.047619
651.053704	940.495238
653.373939	940.485714
655.693581	931.742857
658.010622	937.666667
660.327072	936.038095
662.640923	936.828571
664.956189	935.076190
667.268859	934.514286
669.582944	923.390476
671.892430	921.323810
674.203330	918.790476
676.511638	930.409524
678.819358	939.533333
681.128493	923.838095
683.433035	905.028571
685.736991	885.180952
688.040360	869.685714
690.345144	846.047619
692.645342	830.009524
694.946955	796.780952
697.247982	783.085714
699.544428	775.285714
701.842288	773.885714
704.139565	767.361905
706.436259	764.819048
708.728377	762.638095
711.023906	753.161905
713.314862	741.333333
715.607232	740.523810
717.897026	739.523810
720.186241	740.514286
722.474875	738.457143
724.760938	747.390476
727.048414	741.971429
729.333320	747.990476
731.617647	744.209524
733.899407	744.114286
736.182580	733.590476
738.465176	727.819048
740.743216	722.752381
743.022670	719.047619
745.301549	719.495238
747.579852	739.295238
749.853606	743.466667
752.128774	734.028571
754.403368	727.971429
756.675403	711.238095
758.948851	712.638095
761.219741	718.723810
763.488074	714.133333
765.757822	716.085714
768.025014	724.133333
770.291636	736.409524
772.557689	736.295238
774.821190	743.304762
777.086103	737.228571
779.350448	726.914286
781.610262	718.419048
783.871490	721.638095
786.132150	707.219048
788.390263	724.819048
790.645832	724.866667
792.904792	730.971429
795.157253	720.780952
797.415081	729.238095
799.668390	726.114286
801.919158	744.352381
804.171339	746.600000
806.420982	755.038095
808.672036	744.514286
810.918579	738.514286
813.166535	731.942857
815.411955	737.000000
817.658787	722.552381
819.905058	715.980952
822.146825	709.771429
824.391974	700.723810
826.630651	688.590476
828.872711	683.219048
831.110272	675.419048
833.349244	683.447619
835.585690	688.952381
837.823548	684.638095
840.058880	677.838095
842.291688	681.266667
844.525908	681.561905
846.757606	693.123810
848.988749	692.647619
851.219337	689.809524
853.449371	693.800000
855.678850	692.114286
857.903849	679.114286
860.132221	682.380952
862.356115	670.390476
864.581419	670.552381
866.802248	660.361905
869.026449	654.561905
871.246177	645.533333
873.467316	663.400000
875.687904	663.180952
877.905983	673.476190
880.125471	666.866667
882.340493	668.580952
884.554967	658.152381
886.768894	663.895238
888.982273	658.638095
891.195106	656.571429
893.407391	650.904762
895.617175	647.542857
897.826413	640.638095
900.035105	638.295238
902.241299	645.704762
904.448902	660.466667
906.654008	674.276190
908.858570	685.447619
911.060636	692.904762
913.264112	702.761905
915.465095	719.276190
917.665535	737.457143
919.867384	750.123810
922.062841	779.600000
924.261658	816.752381
926.456037	883.000000
928.653773	977.904762
930.847073	1091.809524
933.041781	1216.942857
935.234004	1332.866667
937.425689	1413.619048
939.616836	1474.466667
941.805500	1494.190476
943.993627	1499.733333
946.179274	1505.076190
948.368273	1499.380952
950.552849	1486.314286
952.736890	1490.028571
954.924281	1471.923810
957.103369	1462.361905
959.285806	1468.609524
961.467710	1482.933333
963.647140	1496.133333
965.824097	1519.190476
968.002462	1520.847619
970.182233	1514.580952
972.355656	1515.009524
974.532425	1514.580952
976.704788	1513.847619
978.878557	1514.761905
981.047924	1486.438095
983.220634	1413.771429
985.390878	1324.438095
987.560594	1218.847619
989.729781	1117.209524
991.894571	1044.523810
994.062702	990.038095
996.226439	934.019048
998.391582	901.571429
1000.554267	872.066667
1002.716426	845.228571
1004.876127	828.228571
1007.035305	815.342857
1009.195889	798.200000
1011.354018	789.428571
1013.511623	769.695238
1015.668705	757.361905
1017.825264	738.495238
1019.977443	722.676190
1022.131029	707.380952
1024.284092	690.980952
1026.434708	680.009524
1028.586729	675.495238
1030.734377	667.095238
1032.885357	658.476190
1035.031966	649.123810
1037.178057	642.809524
1039.323629	644.457143
1041.470605	639.476190
1043.611294	635.866667
1045.755311	620.209524
1047.896888	615.714286
1050.037949	614.885714
1052.180414	622.895238
1054.316600	627.752381
1056.456112	629.323810
1058.591268	623.733333
1060.729749	628.990476
1062.863877	612.323810
1064.997491	612.657143
1067.132509	610.047619
1069.263178	604.980952
1071.395252	610.790476
1073.524897	622.333333
1075.654030	611.771429
1077.782652	613.133333
1079.910762	610.047619
1082.036446	594.038095
1084.161620	586.590476
1086.288197	584.714286
1088.410438	579.400000
1090.534083	584.533333
1092.653393	585.009524
1094.777932	581.066667
1096.896227	589.342857
1099.015925	593.647619
1101.133205	588.247619
1103.249979	590.714286
1105.366246	577.714286
1107.480098	568.104762
1109.595353	566.066667
1111.706286	571.200000
1113.820530	564.009524
1115.930455	572.476190
1118.041782	568.971429
1120.152606	565.723810
1122.259113	553.209524
1124.368929	561.114286
1126.474431	555.638095
1128.581337	553.342857
1130.682026	542.847619
1132.787928	524.123810
1134.889521	510.542857
1136.992517	517.723810
1139.095012	527.380952
1141.191301	529.371429
1143.292796	527.571429
1145.389989	514.800000
1147.486683	506.952381
1149.582880	509.266667
1151.678578	507.723810
1153.773779	508.800000
1155.866583	514.209524
1157.960789	527.114286
1160.048804	540.990476
1162.142017	545.695238
1164.229042	535.714286
1166.319367	528.447619
1168.405403	520.695238
1170.494737	520.495238
1172.577890	529.685714
1174.662446	534.714286
1176.748402	531.390476
1178.830077	538.666667
1180.913154	532.038095
1182.993845	528.961905
1185.074044	529.619048
1187.153753	529.161905
1189.232969	527.009524
1191.309804	545.714286
1193.384258	542.609524
1195.462004	546.142857
1197.535479	541.876190
1199.610356	530.390476
1201.680965	516.371429
1203.752975	517.438095
1205.822609	512.666667
1207.893644	512.161905
1209.964191	509.971429
1212.030477	511.580952
1214.098164	509.476190
1216.163479	516.790476
1218.230194	513.180952
1220.292653	511.361905
1222.358397	509.504762
1224.419888	510.876190
1226.482778	512.866667
1228.543301	514.171429
1230.603341	511.161905
1232.662897	509.495238
1234.720089	507.723810
1236.776798	510.295238
1238.831145	511.409524
1240.888772	518.590476
1242.944037	530.714286
1244.995061	534.876190
1247.047485	531.771429
1249.099430	540.047619
1251.149015	547.666667
1253.198123	563.380952
1255.246751	566.323810
1257.294901	573.476190
1259.342573	556.114286
1261.386014	553.247619
1263.432730	561.485714
1265.477094	568.561905
1267.520980	565.361905
1269.562516	574.504762
1271.601702	574.419048
1273.644160	588.942857
1275.682397	598.933333
1277.722031	601.038095
1279.761191	581.114286
1281.796133	569.523810
1283.832473	557.133333
1285.866468	555.142857
1287.901862	556.228571
1289.933042	561.742857
1291.965621	564.552381
1293.997727	580.466667
1296.027493	582.485714
1298.058657	583.123810
1300.085613	583.533333
1302.113967	578.980952
1304.138117	576.790476
1306.165531	571.561905
1308.188744	568.238095
1310.213353	574.933333
1312.235629	577.466667
1314.259302	583.104762
1316.280642	582.942857
1318.301514	584.295238
1320.321920	596.942857
1322.338131	612.647619
1324.355741	613.504762
1326.371022	619.990476
1328.389562	607.790476
1330.403912	606.514286
1332.415937	612.571429
1334.431220	623.495238
1336.442317	631.104762
1338.454810	651.657143
1340.463121	659.523810
1342.474688	668.466667
1344.480216	668.819048
1346.488998	674.657143
1348.493604	667.133333
1350.501463	664.076190
1352.508859	663.409524
1354.510225	661.104762
1356.512988	650.742857
1358.515291	645.123810
1360.517133	628.676190
1362.518517	622.685714
1364.517586	611.380952
1366.516197	600.057143
1368.514350	593.438095
1370.512045	593.609524
1372.505576	587.104762
1374.500504	589.895238
1376.494975	582.638095
1378.488989	578.076190
1380.480696	569.276190
1382.471947	554.371429
1384.460893	534.733333
1386.451234	519.771429
1388.441120	513.085714
1390.428703	519.047619
1392.415832	520.476190
1394.400659	513.800000
1396.386881	515.019048
1398.370802	519.980952
1400.354271	520.057143
1402.337288	523.742857
1404.318007	527.895238
1406.300120	536.904762
1408.279936	536.161905
1410.259302	529.790476
1412.234529	520.276190
1414.212994	510.866667
1416.189166	514.952381
1418.164888	534.142857
1420.140161	536.247619
1422.113143	536.542857
1424.085678	532.885714
1426.057764	522.314286
1428.029402	518.047619
1429.996913	522.638095
1431.969497	521.133333
1433.934275	519.542857
1435.904126	511.561905
1437.869852	503.714286
1439.836972	499.419048
1441.801808	511.971429
1443.762524	514.942857
1445.728308	519.742857
1447.688137	528.580952
1449.649359	531.523810
1451.611974	535.409524
1453.570474	548.476190
1455.528532	555.200000
1457.486147	563.571429
1459.443321	565.180952
1461.398219	554.504762
1463.354509	551.342857
1465.308525	552.952381
1467.262101	572.095238
1469.213404	582.838095
1471.166099	585.561905
1473.116523	572.257143
1475.066508	561.942857
1477.016053	548.419048
1478.963330	546.009524
1480.908340	535.733333
1482.854742	529.266667
1484.800706	512.895238
1486.746232	508.219048
1488.689494	501.400000
1490.632319	501.295238
1492.572881	505.790476
1494.514834	515.285714
1496.454526	518.209524
1498.393782	515.047619
1500.332604	511.923810
1502.269166	507.219048
1504.207118	507.257143
1506.142813	510.552381
1508.078074	519.057143
1510.011078	518.942857
1511.943650	530.152381
1513.875790	530.361905
1515.807498	534.361905
1517.736952	534.457143
1519.667797	542.961905
1521.598211	544.647619
1523.524552	556.885714
1525.452283	558.200000
1527.377764	557.904762
1529.302816	547.819048
1531.227439	551.285714
1533.151633	553.923810
1535.073580	575.295238
1536.996916	601.523810
1538.918007	621.190476
1540.836853	642.647619
1542.757089	674.000000
1544.675081	698.647619
1546.592647	735.057143
1548.507971	758.247619
1550.424685	794.266667
1552.337344	824.923810
1554.253207	877.095238
1556.166831	929.780952
1558.078216	983.923810
1559.990990	1047.619048
1561.899715	1148.685714
1563.809830	1263.180952
1565.719521	1428.571429
1567.628788	1603.257143
1569.535822	1805.457143
1571.440623	2038.952381
1573.346813	2302.219048
1575.250771	2556.152381
1577.154309	2826.704762
1579.057425	3023.857143
1580.958313	3188.266667
1582.860588	3245.466667
1584.760636	3166.161905
1586.662072	2937.400000
1588.559473	2646.723810
1590.456457	2273.733333
1592.353022	1957.361905
1594.250974	1692.838095
1596.143092	1475.409524
1598.038403	1294.142857
1599.933297	1160.209524
1601.825969	1021.114286
1603.718225	935.523810
1605.608261	874.628571
1607.497881	837.590476
1609.387086	796.647619
1611.275875	780.876190
1613.162448	750.780952
1615.050407	745.485714
1616.934351	716.942857
1618.819681	697.933333
1620.704597	673.352381
1622.587301	653.685714
1624.471390	630.933333
1626.351469	608.885714
1628.232934	570.066667
1630.112189	551.019048
1631.992830	536.961905
1633.867667	511.780952
1635.747486	497.695238
1637.623299	481.628571
1639.498703	471.295238
1641.375492	470.866667
1643.246484	469.057143
1645.120658	457.542857
1646.990834	452.838095
1648.864190	443.685714
1650.735343	437.885714
1652.604294	436.523810
1654.474631	432.295238
1656.340974	431.038095
1658.208703	430.085714
1660.074234	420.971429
1661.941149	408.857143
1663.804076	408.276190
1665.668388	408.219048
1667.530505	415.885714
1669.392216	418.780952
1671.255312	414.361905
1673.116214	406.723810
1674.974922	409.380952
1676.833227	407.266667
1678.692917	404.028571
1680.546840	394.942857
1682.403935	385.028571
1684.260628	376.438095
1686.113345	384.733333
1687.969233	381.971429
1689.821147	387.723810
1691.672659	386.952381
1693.523772	370.438095
1695.374483	361.257143
1697.224794	357.219048
1699.072921	349.923810
1700.922431	361.752381
1702.766193	367.057143
1704.614905	362.257143
1706.457870	365.133333
1708.304001	361.419048
1710.146171	362.752381
1711.991505	366.838095
1713.831099	358.685714
1715.672077	350.342857
1717.514438	347.076190
1719.352843	349.390476
1721.192631	351.314286
1723.030244	359.161905
1724.867461	352.695238
1726.702505	354.885714
1728.538932	348.561905
1730.373187	346.647619
1732.207048	337.590476
1734.040514	341.028571
1735.870034	340.352381
1737.702713	348.790476
1739.531448	345.428571
1741.363341	336.447619
1743.191291	334.123810
1745.018849	336.742857
1746.846016	333.247619
1748.672790	343.514286
1750.499174	342.095238
1752.321621	336.228571
1754.147222	347.038095
1755.968889	344.438095
1757.791938	336.676190
1759.612826	341.266667
1761.433324	332.228571
1763.255204	330.628571
1765.071384	340.923810
1766.890716	348.114286
1768.706121	341.495238
1770.524676	341.219048
1772.339307	333.295238
1774.153550	326.228571
1775.967407	327.133333
1777.780877	342.447619
1779.592193	339.542857
1781.404891	342.409524
1783.217202	342.171429
1785.025596	334.314286
1786.835371	323.466667
1788.641230	329.857143
1790.450236	331.123810
1792.255328	332.171429
1794.061800	334.438095
1795.867889	320.142857
1797.670068	306.676190
1799.475390	305.533333
1801.276804	311.733333
1803.079598	324.857143
1804.878487	330.304762
1806.678755	329.742857
1808.478643	330.257143
1810.276388	327.942857
1812.073753	324.761905
1813.870737	329.314286
1815.667341	320.047619
1817.461806	315.904762
1819.257651	319.295238
1821.047840	317.780952
1822.842926	322.580952
1824.632359	337.180952
1826.424930	337.152381
1828.215365	334.952381
1830.003665	336.809524
1831.795101	325.933333
1833.580891	323.361905
1835.368061	324.114286
1837.153099	320.466667
1838.941271	329.504762
1840.725557	326.714286
1842.507714	322.819048
1844.291249	326.866667
1846.072657	329.409524
1847.855442	335.952381
1849.634348	336.295238
1851.414632	330.238095
1853.192791	333.238095
1854.972327	340.980952
1856.749739	347.076190
1858.525027	349.123810
1860.301694	337.800000
1862.076238	334.123810
1863.852159	343.590476
1865.622461	345.828571
1867.395890	342.780952
1869.167199	338.600000
1870.938137	334.676190
1872.710452	333.019048
1874.477155	345.161905
1876.246982	346.628571
1878.012946	345.771429
1879.782034	352.942857
1881.547260	358.361905
1883.312118	365.190476
1885.078352	366.590476
1886.840728	352.771429
1888.602737	339.457143
1890.364379	333.857143
1892.125653	329.942857
1893.886561	334.095238
1895.647101	338.923810
1897.405532	331.276190
1899.163598	325.857143
1900.919556	320.438095
1902.676890	327.657143
1904.433858	341.342857
1906.188721	349.276190
1907.941478	346.000000
1909.693872	337.619048
1911.447641	316.428571
1913.199307	310.285714
1914.948871	307.780952
1916.699811	307.752381
1918.450387	310.657143
1920.197125	316.523810
1921.945238	311.209524
1923.691252	313.752381
1925.438642	311.647619
1927.183933	308.733333
1928.927127	296.352381
1930.671697	293.752381
1932.414170	289.571429
1934.156283	289.876190
1935.898036	292.380952
1937.639430	294.647619
1939.378730	293.076190
1941.117671	297.790476
1942.856253	299.871429
1944.592743	298.761905
1946.328876	299.319048
1948.066383	301.628571
1949.800069	301.500000
1951.535128	297.600000
1953.268100	292.923810
1955.000715	289.542857
1956.732973	284.714286
1958.464875	290.904762
1960.194691	300.142857
1961.922423	305.961905
1963.651528	300.209524
1965.380279	304.504762
1967.106946	306.104762
1968.833259	309.942857
1970.560945	304.019048
1972.283095	295.095238
1974.008346	281.104762
1975.729791	283.409524
1977.454335	287.409524
1979.176800	300.266667
1980.895461	299.790476
1982.617221	309.914286
1984.335179	309.019048
1986.054511	305.266667
1987.770042	294.552381
1989.490395	285.485714
1991.206948	278.904762
1992.919706	289.047619
1994.635559	287.085714
1996.349339	299.247619
1998.062770	308.600000
1999.774130	310.742857
2001.486863	314.866667
2003.195804	317.209524
2004.907839	299.038095
2006.614364	296.961905
2008.323982	294.600000
2010.031532	291.895238
2011.738735	289.028571
2013.443872	302.504762
2015.148662	297.952381
2016.854824	315.114286
2018.557204	316.000000
2020.260956	313.561905
2021.962645	298.714286
2023.663988	297.790476
2025.364986	277.228571
2027.063924	289.371429
2028.764233	295.276190
2030.460766	303.609524
2032.158671	294.800000
2033.854518	293.400000
2035.553450	278.161905
2037.246895	279.876190
2038.941713	278.114286
2040.636187	278.371429
2042.326893	271.152381
2044.020683	285.514286
2045.710706	285.866667
2047.402100	284.200000
2049.091441	273.571429
2050.782152	268.047619
2052.469101	262.438095
2054.155709	274.742857
2055.843688	280.180952
2057.527907	280.780952
2059.213496	278.304762
2060.898746	278.695238
2062.581948	277.076190
2064.266520	285.657143
2065.945628	294.323810
2067.629522	287.133333
2069.307956	283.752381
2070.989467	286.247619
2072.667226	290.761905
2074.344649	290.304762
2076.023441	293.380952
2077.700190	281.609524
2079.374898	277.523810
2081.050975	279.180952
2082.725012	283.780952
2084.398713	276.447619
2086.072079	269.561905
2087.743407	269.714286
2089.414400	277.761905
2091.085059	285.695238
2092.755384	286.095238
2094.425374	284.104762
2096.093329	269.257143
2097.760951	275.552381
2099.426539	279.171429
2101.093495	291.000000
2102.758418	294.314286
2104.423008	298.523810
2106.085567	279.447619
2107.749495	280.295238
2109.411391	276.942857
2111.072956	279.780952
2112.734191	278.428571
2114.393396	282.000000
2116.052272	277.771429
2117.710817	292.323810
2119.369033	298.228571
2121.023525	294.666667
2122.681083	279.257143
2124.338310	274.152381
2125.991817	273.657143
2127.646691	283.647619
2129.297846	272.057143
2130.952064	270.028571
2132.602564	262.723810
2134.254432	266.190476
2135.900891	269.314286
2137.552104	272.247619
2139.199604	262.666667
2140.848472	263.076190
2142.495320	260.238095
2144.141842	265.400000
2145.788039	264.971429
2147.430528	263.695238
2149.076075	267.238095
2150.717915	265.047619
2152.362812	273.514286
2154.004004	284.761905
2155.644872	279.657143
2157.285417	277.400000
2158.923949	275.409524
2160.563847	273.800000
2162.200045	282.000000
2163.837609	283.314286
2165.474851	280.838095
2167.110083	282.361905
2168.744993	282.809524
2170.379582	284.466667
2172.013850	287.723810
2173.644424	284.714286
2175.278049	280.228571
2176.907983	275.695238
2178.539282	281.361905
2180.168577	285.066667
2181.797551	289.838095
2183.426207	287.790476
2185.054543	270.257143
2186.680876	262.352381
2188.306891	260.657143
2189.930905	256.504762
2191.556284	263.657143
2193.179662	267.914286
2194.804405	265.961905
2196.425466	272.228571
2198.046212	264.371429
2199.668321	269.914286
2201.288433	276.371429
2202.906549	278.085714
2204.524349	273.914286
2206.141833	274.095238
2207.759002	265.933333
2209.375856	276.561905
2210.992395	269.876190
2212.606940	273.828571
2214.219493	268.019048
2215.833411	270.295238
2217.445336	265.419048
2219.058626	276.552381
2220.669924	273.342857
2222.279233	281.304762
2223.889906	279.628571
2225.498590	274.447619
2227.106962	268.828571
2228.713346	278.371429
2230.321094	274.047619
2231.926855	272.104762
2233.532305	264.800000
2235.135771	253.790476
2236.740599	238.447619
2238.343443	236.580952
2239.944304	243.600000
2241.546528	254.857143
2243.146769	263.866667
2244.748373	273.895238
2246.346325	271.723810
2247.945639	270.723810
2249.542973	278.695238
2251.139999	277.019048
2252.738386	274.752381
2254.333125	277.952381
2255.925888	278.380952
2257.520012	272.771429
2259.115498	274.809524
2260.707340	276.580952
2262.298875	277.219048
2263.891771	275.133333
2265.479358	269.923810
2267.071642	266.733333
2268.658618	269.361905
2270.248623	273.142857
2271.833323	280.228571
2273.422717	278.876190
2275.006808	273.200000
2276.592261	268.171429
2278.175745	261.609524
2279.762254	253.161905
2281.345130	252.200000
2282.927702	258.371429
2284.509972	256.514286
2286.088611	259.914286
2287.670274	260.533333
2289.248309	255.014286
2290.829368	244.514286
2292.406799	249.928571
2293.982267	244.866667
2295.560757	246.947619
2297.135622	247.485714
2298.710187	246.161905
2300.284452	240.714286
2301.858416	250.704762
2303.432080	245.866667
2305.005443	239.971429
2306.575188	238.142857
2308.144634	240.438095
2309.717099	242.171429
2311.284288	260.485714
2312.854496	264.961905
2314.421089	258.657143
2315.989042	249.628571
2317.555040	242.885714
2319.120740	231.523810
2320.686142	235.438095
2322.249591	235.104762
2323.814398	242.990476
2325.375598	256.323810
2326.939812	277.590476
2328.498765	283.152381
2330.060731	284.380952
2331.620747	274.228571
2333.180467	268.342857
2334.738238	255.647619
2336.295715	247.942857
2337.852896	243.761905
2339.408131	246.333333
2340.963071	252.942857
2342.517718	267.666667
2344.072071	270.352381
2345.626130	268.771429
2347.179896	266.828571
2348.731717	263.028571
2350.281595	256.609524
2351.834481	258.314286
2353.382125	268.104762
2354.932776	274.809524
2356.479837	272.523810
2358.028255	268.771429
2359.576381	252.942857
2361.120920	255.066667
2362.666816	255.780952
2364.210773	257.495238
2365.756088	257.571429
2367.297818	252.342857
2368.840906	239.952381
2370.382057	251.800000
2371.922919	252.485714
2373.463492	260.600000
2375.003776	256.066667
2376.543771	241.361905
2378.080187	232.876190
2379.619605	237.457143
2381.155446	239.333333
2382.692643	241.676190
2384.226266	240.142857
2385.762888	235.628571
2387.297579	237.628571
2388.830341	245.676190
2390.362817	239.066667
2391.893364	236.200000
2393.426909	252.380952
2394.955243	263.733333
2396.484933	267.809524
2398.014338	267.076190
2399.543458	249.819048
2401.072292	238.685714
2402.595922	246.380952
2404.124187	254.009524
2405.647249	255.704762
2407.174946	261.857143
2408.695802	262.838095
2410.221292	265.590476
2411.743221	262.161905
2413.266506	264.200000
2414.787870	257.342857
2416.307314	263.533333
2417.828113	267.276190
2419.346993	273.142857
2420.865591	271.800000
2422.382272	287.904762
2423.900308	294.066667
2425.418062	302.257143
2426.932264	303.161905
2428.446186	307.171429
2429.959829	296.961905
2431.474825	295.504762
2432.986273	291.361905
2434.499076	294.980952
2436.009966	302.847619
2437.520576	319.361905
2439.029275	313.400000
2440.540961	310.571429
2442.049103	306.161905
2443.556966	317.742857
2445.064552	320.361905
2446.568598	337.066667
2448.075628	339.980952
2449.580750	346.352381
2451.085595	347.361905
2452.588533	352.247619
2454.091194	347.295238
2455.593579	350.923810
2457.094059	350.009524
2458.595892	345.038095
2460.095821	339.466667
2461.595474	345.800000
2463.094852	346.838095
2464.592327	341.266667
2466.087900	327.657143
2467.586453	317.209524
2469.081477	307.647619
2470.577855	315.419048
2472.070706	309.066667
2473.564909	300.552381
2475.058839	296.590476
2476.549246	296.904762
2478.042630	291.923810
2479.534115	292.685714
2481.023704	290.200000
2482.513021	288.914286
2484.000443	292.561905
2485.490840	277.609524
2486.977718	276.047619
2488.465948	281.780952
2489.950662	288.657143
2491.435105	295.714286
2492.920900	295.228571
2494.404802	281.571429
2495.890056	277.285714
2497.370176	275.809524
2498.853268	271.476190
2500.334470	273.028571
2501.815403	265.866667
2503.294447	258.647619
2504.773223	251.228571
2506.251730	255.161905
2507.729968	264.657143
2509.207938	275.447619
2510.682404	270.800000
2512.159838	262.733333
2513.633769	253.980952
2515.109051	251.209524
2516.584065	256.657143
2518.055578	256.428571
2519.528442	251.152381
2520.999422	242.028571
2522.471753	238.819048
2523.938971	242.514286
2525.409155	252.952381
2526.877457	260.790476
2528.345495	257.342857
2529.813268	252.019048
2531.280776	246.476190
2532.748019	245.580952
2534.211771	239.428571
2535.676872	241.180952
2537.140096	232.009524
2538.604669	239.095238
2540.065753	240.352381
2541.528188	247.219048
2542.990359	246.819048
2544.449043	256.847619
2545.912300	248.209524
2547.370460	260.114286
2548.829969	274.247619
2550.284385	275.333333
2551.743371	268.171429
2553.200484	272.619048
2554.655727	261.190476
2556.110709	257.066667
2557.563821	260.866667
2559.018282	252.857143
2560.470874	247.628571
2561.923206	254.238095
2563.373670	250.428571
2564.827090	242.400000
2566.275428	239.142857
2567.726722	237.114286
2569.176149	242.733333
2570.622105	258.819048
2572.071015	260.942857
2573.516454	273.219048
2574.963242	270.923810
2576.408166	262.828571
2577.852833	259.447619
2579.298847	268.447619
2580.741394	267.742857
2582.185289	271.857143
2583.625719	269.504762
2585.067497	265.333333
2586.507414	264.561905
2587.948680	265.495238
2589.386483	266.628571
2590.827236	264.819048
2592.262926	273.019048
2593.701566	280.333333
2595.138349	283.800000
2596.573275	285.847619
2598.011150	279.895238
2599.443967	275.552381
2600.878131	273.933333
2602.310440	278.314286
2603.744096	272.114286
2605.175899	277.790476
2606.607449	275.933333
2608.038745	291.323810
2609.468190	296.895238
2610.897382	308.009524
2612.324723	308.952381
2613.753411	315.828571
2615.181846	319.800000
2616.606835	330.209524
2618.033169	327.257143
2619.457655	327.771429
2620.883487	337.352381
2622.305875	345.980952
2623.729609	357.142857
2625.151497	364.704762
2626.573134	372.961905
2627.992926	378.819048
2629.414064	391.523810
2630.834952	401.190476
2632.252402	401.761905
2633.672791	400.390476
2635.089743	415.266667
2636.506447	432.476190
2637.922902	441.504762
2639.339109	454.380952
2640.755067	454.361905
2642.169185	469.057143
2643.583056	486.200000
2644.995087	508.466667
2646.408463	521.123810
2647.818409	529.114286
2649.231291	535.619048
2650.640744	559.828571
2652.049951	579.580952
2653.457322	601.857143
2654.867627	630.057143
2656.276096	650.600000
2657.682730	674.523810
2659.089119	710.104762
2660.493674	744.990476
2661.899573	785.000000
2663.303639	825.971429
2664.707461	876.114286
2666.111038	936.800000
2667.512783	989.066667
2668.915872	1026.980952
2670.315544	1087.790476
2671.716559	1145.142857
2673.114157	1211.771429
2674.514686	1294.657143
2675.911800	1362.609524
2677.310257	1416.923810
2678.706886	1484.276190
2680.103274	1528.542857
2681.499419	1570.771429
2682.893738	1626.695238
2684.289400	1670.952381
2685.681652	1704.952381
2687.075248	1725.009524
2688.467019	1716.190476
2689.860132	1711.619048
2691.251422	1682.866667
2692.640889	1651.457143
2694.030117	1624.990476
2695.419104	1583.304762
2696.809434	1531.190476
2698.194779	1472.228571
2699.583049	1383.114286
2700.969497	1312.695238
2702.355708	1259.523810
2703.741679	1194.133333
2705.124252	1126.961905
2706.508166	1068.276190
2707.891843	996.142857
2709.275282	943.609524
2710.655325	899.057143
2712.036710	835.819048
2713.416279	781.752381
2714.797190	742.895238
2716.176286	692.485714
2717.553567	654.780952
2718.932190	631.847619
2720.309000	601.114286
2721.685574	568.961905
2723.061912	550.666667
2724.436438	525.752381
2725.812305	496.523810
2727.184785	476.571429
2728.560182	452.866667
2729.930617	433.847619
2731.302394	426.200000
2732.673937	411.904762
2734.043671	407.580952
2735.414745	391.009524
2736.784012	377.200000
2738.153045	378.790476
2739.520271	363.400000
2740.887265	342.990476
2742.254026	335.438095
2743.620554	320.295238
2744.985277	319.485714
2746.349769	318.685714
2747.714028	315.057143
2749.078056	307.657143
2750.441851	304.904762
2751.802273	293.590476
2753.165606	286.790476
2754.523996	282.085714
2755.885296	276.904762
2757.243225	270.095238
2758.604064	260.819048
2759.963102	245.647619
2761.318772	235.733333
2762.677350	239.895238
2764.032562	239.228571
2765.387544	243.571429
2766.740729	265.914286
2768.096821	278.238095
2769.449549	284.552381
2770.802048	272.076190
2772.154319	251.000000
2773.507929	229.314286
2774.858177	235.019048
2776.206632	232.847619
2777.557991	239.533333
2778.905991	240.761905
2780.255330	235.009524
2781.602876	235.276190
2782.950195	239.104762
2784.297288	239.409524
2785.642590	244.638095
2786.987666	240.600000
2788.332516	227.733333
2789.677140	225.523810
2791.018411	230.771429
2792.361021	237.895238
2793.703406	245.761905
2795.045565	241.952381
2796.384375	236.752381
2797.726085	231.752381
2799.064446	230.571429
2800.404145	230.676190
2801.742058	223.838095
2803.078187	221.847619
2804.414093	215.276190
2805.751335	211.638095
2807.086794	211.276190
2808.422030	208.009524
2809.755484	213.561905
2811.090274	214.161905
2812.421723	215.285714
2813.756068	218.628571
2815.085515	224.704762
2816.416299	224.752381
2817.746861	232.600000
2819.075644	228.104762
2820.405764	217.323810
2821.734104	210.752381
2823.062224	208.800000
2824.388567	204.266667
2825.716245	206.714286
2827.040591	208.809524
2828.366272	203.352381
2829.690179	203.733333
2831.013865	198.057143
2832.338887	193.028571
2833.660580	195.790476
2834.982053	195.400000
2836.303308	199.685714
2837.624344	204.523810
2838.943608	201.952381
2840.264207	204.980952
2841.583034	206.161905
2842.901643	199.923810
2844.218482	193.885714
2845.535103	188.019048
2846.851506	183.447619
2848.166141	183.266667
2849.482110	181.019048
2850.794759	179.847619
2852.108744	181.485714
2853.422512	185.723810
2854.736063	194.542857
2856.047847	195.000000
2857.357866	189.742857
2858.669219	184.961905
2859.977256	183.542857
2861.286629	180.571429
2862.595786	181.095238
2863.904728	184.180952
2865.211907	188.190476
2866.517322	183.038095
2867.824072	188.180952
2869.129059	190.095238
2870.433833	185.552381
2871.736845	190.523810
2873.042739	192.971429
2874.343777	188.447619
2875.646150	191.590476
2876.946763	194.066667
2878.248710	193.314286
2879.550444	190.019048
2880.848874	187.847619
2882.148637	183.238095
2883.446643	190.000000
2884.744437	194.028571
2886.040474	199.361905
2887.337845	197.847619
2888.633460	198.571429
2889.928865	202.980952
2891.224058	202.752381
2892.515953	203.019048
2893.810725	187.990476
2895.102200	183.200000
2896.395009	180.942857
2897.687607	185.447619
2898.976910	178.219048
2900.267546	179.390476
2901.556431	173.152381
2902.846649	180.971429
2904.133575	191.609524
2905.421833	193.266667
2906.708342	195.752381
2907.994642	188.219048
2909.280734	180.533333
2910.565078	176.438095
2911.852294	171.171429
2913.134683	162.390476
2914.418404	169.676190
2915.700378	182.209524
2916.982146	190.876190
2918.262168	203.980952
2919.545060	196.209524
2920.826207	179.819048
2922.104072	178.904762
2923.384806	182.619048
2924.662259	187.647619
2925.939507	193.209524
2927.215012	197.904762
2928.493385	188.180952
2929.766943	187.752381
2931.043369	181.495238
2932.318054	178.742857
2933.590999	173.104762
2934.865274	177.952381
2936.137810	181.257143
2937.410142	182.723810
2938.679201	186.990476
2939.951125	184.504762
2941.221310	178.314286
2942.491293	177.190476
2943.761072	174.104762
2945.029114	170.000000
2946.295421	174.209524
2947.561525	172.066667
2948.828960	171.952381
2950.094659	181.523810
2951.360156	178.295238
2952.625451	182.504762
2953.887482	177.942857
2955.150842	172.609524
2956.414001	167.733333
2957.675427	163.733333
2958.938183	157.019048
2960.199208	161.047619
2961.458502	155.142857
2962.717595	154.219048
2963.976488	153.123810
2965.235181	149.380952
2966.493674	147.590476
2967.750438	154.000000
2969.007002	152.028571
2970.261839	161.504762
2971.518005	163.352381
2972.770915	168.228571
2974.025155	169.038095
2975.279196	169.095238
2976.531511	160.390476
2977.783628	170.676190
2979.034020	168.685714
2980.287267	174.295238
2981.535737	168.209524
2982.787061	161.447619
2984.035137	154.085714
2985.283015	161.285714
2986.530696	170.714286
2987.778181	181.742857
2989.023944	171.409524
2990.269510	161.819048
2991.516405	158.190476
2992.760054	154.704762
2994.005032	155.695238
2995.246767	162.180952
2996.491353	157.638095
2997.734220	156.190476
2998.973845	161.276190
3000.216322	159.790476
3001.455558	164.866667
3002.696122	171.180952
3003.934969	165.266667
3005.173622	159.933333
3006.410559	149.533333
3007.648823	152.371429
3008.885373	158.923810
3010.121729	163.133333
3011.357891	160.685714
3012.592339	161.047619
3013.826594	152.009524
3015.060656	162.295238
3016.293006	158.123810
3017.523644	157.590476
3018.757128	157.323810
3019.988901	157.476190
3021.218962	147.285714
3022.448832	154.438095
3023.676992	157.238095
3024.906479	156.847619
3026.134256	156.428571
3027.361842	161.209524
3028.590754	156.847619
3029.814924	166.219048
3031.041937	167.704762
3032.265727	157.419048
3033.490842	148.009524
3034.714251	145.933333
3035.937471	146.819048
3037.158985	150.200000
3038.383340	152.371429
3039.602960	147.771429
3040.823906	142.495238
3042.044662	142.800000
3043.263715	148.923810
3044.484094	155.361905
3045.701256	160.019048
3046.919743	157.057143
3048.136529	144.190476
3049.353126	144.895238
3050.569536	141.914286
3051.782732	149.495238
3052.998766	143.209524
3054.211588	141.333333
3055.427247	136.285714
3056.638183	143.152381
3057.850445	143.561905
3059.062519	148.314286
3060.274407	136.838095
3061.484597	135.323810
3062.694602	127.495238
3063.904420	122.847619
3065.112542	120.114286
3066.320478	119.114286
3067.526720	119.019048
3068.734286	133.904762
3069.940157	135.723810
3071.145843	137.200000
3072.351344	133.828571
3073.555153	126.085714
3074.760285	127.095238
3075.963724	134.733333
3077.165471	135.009524
3078.367035	138.895238
3079.568415	142.847619
3080.769611	138.038095
3081.969117	139.095238
3083.168439	138.790476
3084.369085	135.238095
3085.568042	136.019048
3086.763803	141.057143
3087.962394	135.961905
3089.157791	131.180952
3090.354512	122.952381
3091.548040	118.352381
3092.744396	127.400000
3093.939065	133.676190
3095.130544	132.619048
3096.326354	133.828571
3097.517471	129.238095
3098.709910	127.276190
3099.899162	134.409524
3101.091240	134.390476
3102.281634	124.933333
3103.468841	117.685714
3104.657372	109.961905
3105.847225	111.028571
3107.033893	121.400000
3108.220382	130.695238
3109.406691	131.400000
3110.594323	120.228571
3111.778772	128.114286
3112.961541	131.809524
3114.147134	138.885714
3115.331046	134.800000
3116.513280	126.609524
3117.695336	118.485714
3118.877213	131.619048
3120.058912	129.523810
3121.238934	133.590476
3122.417278	132.580952
3123.598444	129.019048
3124.776434	125.038095
3125.954247	122.933333
3127.131883	113.076190
3128.307844	115.304762
3129.483629	118.380952
3130.660734	122.609524
3131.836166	124.342857
3133.009924	126.790476
3134.182009	122.180952
3135.355415	125.752381
3136.528646	122.923810
3137.700204	123.371429
3138.873084	126.142857
3140.042796	126.266667
3141.213829	122.914286
3142.383191	123.495238
3143.550884	120.228571
3144.721392	121.552381
3145.887241	123.790476
3147.057400	126.333333
3148.222901	124.676190
3149.388229	130.761905
3150.553383	128.819048
3151.718363	132.152381
3152.884664	129.028571
3154.046311	129.304762
3155.209279	127.333333
3156.372073	137.904762
3157.534695	138.085714
3158.695652	135.142857
3159.856436	125.761905
3161.017048	118.942857
3162.175997	111.142857
3163.334773	113.542857
3164.493378	118.485714
3165.651811	127.980952
3166.810072	134.266667
3167.966671	130.104762
3169.121609	123.904762
3170.277866	118.685714
3171.432463	113.590476
3172.586888	119.885714
3173.739654	122.571429
3174.892250	123.857143
3176.044676	127.742857
3177.196931	135.619048
3178.349017	137.028571
3179.497956	135.123810
3180.649702	133.257143
3181.799791	130.047619
3182.948222	121.352381
3184.096485	119.133333
3185.244579	125.419048
3186.392503	123.552381
3187.538773	126.361905
3188.684874	125.561905
3189.829321	120.266667
3190.973599	114.123810
3192.117710	114.552381
3193.263139	112.447619
3194.405429	116.914286
3195.547551	120.600000
3196.689507	124.019048
3197.831295	128.580952
3198.972916	129.104762
3200.111401	132.200000
3201.251205	135.190476
3202.392325	132.047619
3203.530311	124.904762
3204.666648	129.066667
3205.802819	123.295238
3206.940308	120.247619
3208.076148	121.466667
3209.213304	120.838095
3210.345848	116.438095
3211.482674	126.323810
3212.614888	125.552381
3213.748420	126.914286
3214.881786	124.542857
3216.012025	124.114286
3217.145062	124.361905
3218.274973	135.028571
3219.406201	142.371429
3220.534303	147.333333
3221.665203	132.885714
3222.794458	129.200000
3223.922069	126.219048
3225.046559	132.819048
3226.175324	137.447619
3227.300967	144.609524
3228.426447	143.847619
3229.550286	141.809524
3230.676920	139.019048
3231.798955	140.666667
3232.922307	147.752381
3234.045497	151.990476
3235.168525	154.057143
3236.289913	144.847619
3237.411140	139.000000
3238.530728	137.209524
3239.650155	139.685714
3240.767944	144.800000
3241.888526	143.504762
3243.005994	152.723810
3244.123301	164.180952
3245.240447	168.923810
3246.355958	169.419048
3247.472784	167.676190
3248.586499	149.342857
3249.703005	144.552381
3250.817875	141.047619
3251.929637	142.933333
3253.041240	149.200000
3254.154158	147.514286
3255.266916	137.514286
3256.376568	125.533333
3257.487535	108.914286
3258.598343	120.447619
3259.707519	128.857143
3260.815064	136.000000
3261.923924	133.752381
3263.032625	126.095238
3264.138224	134.228571
3265.245138	155.790476
3266.350422	154.561905
3267.457020	150.971429
3268.560518	129.152381
3269.665330	112.285714
3270.769985	118.276190
3271.871542	120.342857
3272.972942	110.857143
3274.075656	105.238095
3275.178213	94.704762
3276.277675	95.276190
3277.379919	101.390476
3278.479069	108.552381
3279.576593	108.428571
3280.673962	108.152381
3281.774114	99.038095
3282.871172	95.057143
3283.968076	89.419048
3285.064824	85.342857
3286.157013	93.552381
3287.253452	101.419048
3288.348268	102.609524
3289.442929	105.800000
3290.535969	95.609524
3291.628855	89.819048
3292.720120	93.895238
3293.812698	92.952381
3294.903656	91.495238
3295.992994	94.095238
3297.082179	92.704762
3298.172676	93.904762
3299.260089	93.638095
3300.347350	95.971429
3301.435923	94.590476
3302.524343	93.666667
3303.608216	88.409524
3304.696331	84.104762
3305.781365	83.780952
3306.864783	86.390476
3307.949513	87.361905
3309.032627	89.590476
3310.117053	82.019048
3311.198401	82.904762
3312.281061	81.190476
3313.362107	83.590476
3314.443002	83.580952
3315.522284	89.161905
3316.601415	85.752381
3317.681857	89.733333
3318.759226	83.485714
3319.837906	83.028571
3320.914974	83.638095
3321.991892	84.742857
3323.067200	82.590476
3324.142358	88.457143
3325.218827	83.980952
3326.292225	80.552381
3327.365475	80.304762
3328.440036	77.942857
3329.512987	78.209524
3330.584331	83.590476
3331.656985	80.304762
3332.726572	89.571429
3333.797470	92.295238
3334.866761	98.885714
3335.937363	99.142857
3337.006358	99.238095
3338.073747	90.923810
3339.139531	89.200000
3340.209541	90.580952
3341.276488	101.285714
3342.340373	93.238095
3343.407026	108.657143
3344.472075	106.495238
3345.535520	98.466667
3346.598818	96.190476
3347.661971	96.809524
3348.724977	78.552381
3349.787836	81.742857
3350.849094	79.333333
3351.907295	80.752381
3352.969717	91.809524
3354.029082	100.990476
3355.088303	95.600000
3356.148832	94.990476
3357.204852	92.190476
3358.263637	89.676190
3359.317914	90.180952
3360.374955	83.733333
3361.430397	79.409524
3362.487148	82.752381
3363.542302	82.714286
3364.595858	83.342857
3365.647817	79.447619
3366.702538	79.666667
3367.754211	77.457143
3368.805739	83.485714
3369.858577	87.190476
3370.908367	92.190476
3371.959466	85.571429
3373.007518	80.323810
3374.058331	74.066667
3375.106098	74.704762
3376.153723	84.809524
3377.201206	91.628571
3378.247095	84.104762
3379.294294	74.580952
3380.338449	65.695238
3381.385363	67.933333
3382.430685	79.609524
3383.472967	86.409524
3384.515107	88.228571
3385.558556	78.085714
3386.601863	78.619048
3387.643580	85.580952
3388.685156	88.161905
3389.726592	92.047619
3390.766439	86.552381
3391.804697	84.180952
3392.844263	86.666667
3393.883689	83.257143
3394.921527	85.457143
3395.957778	87.104762
3396.993889	81.400000
3398.031308	87.847619
3399.065694	82.638095
3400.101388	72.295238
3401.136942	65.990476
3402.169464	61.247619
3403.204740	54.904762
3404.236985	59.247619
3405.269092	68.380952
3406.299615	76.533333
3407.331446	88.161905
3408.363138	89.819048
3409.391802	81.961905
3410.420328	76.295238
3411.450162	71.695238
3412.479857	70.980952
3413.506527	79.276190
3414.534504	82.752381
3415.559456	77.895238
3416.587158	75.419048
3417.611837	74.476190
3418.637822	77.133333
3419.662227	73.704762
3420.686496	64.552381
3421.709186	65.209524
3422.731740	70.961905
3423.755600	76.561905
3424.776440	78.790476
3425.797145	73.542857
3426.819155	65.361905
3427.838147	76.295238
3428.857004	85.709524
3429.877166	85.366667
3430.894312	67.000000
