# shift_cm-1 intensity_mean intensity_std
-118.343598 -1.162637 20.368441
-116.664490 0.608165 14.860177
-114.985382 2.084078 10.245603
-113.306274 3.135827 6.850638
-111.627166 3.662354 4.784550
-109.948058 3.944511 3.371670
-108.268950 3.799758 3.097088
-106.589842 3.346649 3.616731
-104.910734 2.701982 4.578184
-103.231626 1.686755 5.898349
-101.552518 -0.122968 6.801595
-99.873410 -2.805689 7.661368
-98.194302 -3.178776 7.278261
-96.515194 -3.604398 7.326516
-94.836086 -4.786886 8.696554
-93.156978 -6.767747 8.942181
-91.477870 -8.921591 8.753858
-89.798762 -10.272854 8.171712
-88.119654 -11.626182 8.111692
-86.440546 -12.981137 8.675170
-84.761438 -11.903653 8.295075
-83.082330 -10.552975 8.656057
-81.403222 -8.875747 9.423845
-79.724114 -6.741533 8.176714
-78.045006 -4.032786 7.027638
-76.365898 0.181682 7.460443
-74.686790 0.546550 7.505546
-73.007682 -0.677471 7.473390
-71.328574 2.492848 7.318476
-69.649466 6.532270 8.912594
-67.970358 11.419923 11.144027
-66.291250 13.981036 12.877844
-64.612142 14.513296 14.152574
-62.933034 11.672251 14.400550
-61.253926 7.479518 14.272664
-59.574818 3.971735 14.251848
-57.895710 4.588545 14.668488
-56.216602 3.247591 13.835496
-54.537494 0.871493 12.458653
-52.858386 0.109385 11.881385
-51.179278 -0.600346 11.786361
-49.500170 -1.255035 12.138822
-47.821062 -2.554501 14.358822
-46.141954 -2.993983 15.816588
-44.462846 -1.695265 15.406387
-42.783738 -1.269971 14.633877
-41.104630 -0.527283 13.814496
-39.425522 2.391566 11.972880
-37.746414 8.837176 11.314274
-36.067306 16.729840 11.002900
-34.388198 17.503879 9.561504
-32.709090 17.718931 8.025920
-31.029982 17.382987 6.503572
-29.350874 20.633295 5.376855
-27.671766 20.361310 5.476465
-25.992658 13.779983 6.697181
-24.313550 -9.510359 5.965710
-22.634442 -56.634787 6.734662
-20.955334 -165.012035 10.245034
-19.276226 -367.352258 16.542514
-17.597118 -616.734005 21.765305
-15.918010 -887.018278 31.948275
-14.238902 -513.287926 27.696489
-12.559794 373.666479 57.959055
-10.880686 1996.498241 76.771583
-9.201578 3502.455717 94.167066
-7.522470 4852.212518 110.217906
-5.843362 5855.534678 124.331235
-4.164254 6682.074971 135.796632
-2.485146 7232.475635 141.008057
-0.806038 7472.920732 141.336490
0.873070 7533.558501 138.870485
2.552178 7271.623874 131.361241
4.231286 6749.357877 118.220839
5.910394 6049.498244 101.660489
7.589502 5003.922653 79.498136
9.268610 3789.467297 57.007527
10.947718 2426.402884 40.005326
12.626826 995.200026 34.107014
14.305934 -230.624415 35.910649
15.985042 -1174.561689 36.423810
17.664150 -1023.421616 6.475981
19.343258 -656.849764 32.090058
21.022366 -176.352380 13.979722
22.701474 -24.687202 7.162847
24.380582 14.304580 6.509382
26.059690 11.199109 7.898876
27.738798 10.470305 8.401060
29.417906 10.316691 8.274406
31.097014 5.242351 7.432381
32.776122 1.392839 6.333531
34.455230 -1.410667 4.852601
36.134338 1.444385 4.736642
37.813446 3.810089 4.841294
39.492554 5.620335 5.423126
41.171662 7.330417 5.737475
42.850770 8.148791 6.145528
44.529878 7.498510 6.510440
46.208986 8.560279 8.131286
47.888094 10.369494 9.450966
49.567202 13.165304 9.988145
51.246310 11.778533 10.092799
52.925418 8.969212 10.174943
54.604526 6.304155 9.892955
56.283634 1.652846 8.542584
57.962742 -3.291350 6.603211
59.641850 -2.385582 4.285851
61.320958 -3.194843 4.339717
63.000066 -5.196570 5.712179
64.679174 -4.292276 5.004641
66.358282 -2.386377 5.745955
68.037390 0.557027 8.809072
69.716498 -0.283446 9.432378
71.395606 -0.993332 10.283036
73.074714 -1.241401 11.473184
74.753822 -0.886606 11.008651
76.432930 -0.874025 10.817315
78.112038 -1.699335 11.724537
79.791146 -1.930861 10.643024
81.470254 -2.285783 9.361150
83.149362 -3.384678 7.988792
84.828470 -4.411181 7.663503
86.507578 -4.786555 7.789298
88.186686 -2.595766 7.730523
89.865794 -0.280637 6.147529
91.544902 1.887708 4.921208
93.224010 2.641806 6.028168
94.903118 4.380632 6.943584
96.582226 6.843054 7.474908
98.261334 10.154330 7.859960
99.940442 13.056206 7.363293
101.619550 15.603777 6.138125
103.298658 18.182358 8.063244
104.977766 19.065249 9.031743
106.656874 18.083391 8.932556
108.335982 18.337392 7.868490
110.015090 18.415127 6.880225
111.694198 18.150337 6.364739
113.373306 23.800568 3.260227
115.052414 26.523987 1.949976
116.731522 22.856459 3.835195
118.410630 24.537454 3.817968
120.089738 26.639221 3.303082
121.768846 27.433289 4.199653
123.447954 29.042008 3.734939
125.127062 34.242396 4.166963
126.806170 48.832805 6.640806
128.485278 72.316968 6.288482
130.164386 100.683958 4.975265
131.843494 135.450372 3.995033
133.522602 173.522774 3.429098
135.201710 213.645080 3.774145
136.880818 256.626704 4.111984
138.559926 302.713627 2.417388
140.239034 350.946752 3.235402
141.918142 402.434815 5.028020
143.597250 448.857947 8.018853
145.276358 490.770002 12.495716
146.955466 520.164017 12.093858
148.634574 547.425148 13.100074
150.313682 572.157512 15.330085
151.992790 582.604104 16.420171
153.671898 586.697880 17.050712
155.351006 585.752447 17.139774
157.030114 591.277859 15.159061
158.709222 595.575374 15.025633
160.388330 598.711223 16.966830
162.067438 597.708324 16.581648
163.746546 596.707512 15.247158
165.425654 595.708870 13.074156
167.104762 591.259606 12.542522
168.783870 585.962312 12.359433
170.462978 579.782195 12.478419
172.142086 583.146685 12.880538
173.821194 586.235306 12.883467
175.500302 588.393787 13.376991
177.179410 587.571362 15.233131
178.858518 587.695291 16.678192
180.537626 589.413707 18.074041
182.216734 586.018351 19.897434
183.895842 582.155576 21.201471
185.574950 578.324178 22.405393
187.254058 582.125982 22.218058
188.933166 585.600938 21.907100
190.612274 587.224224 21.994971
192.291382 585.443518 21.890246
193.970490 584.014082 22.265278
195.649598 583.878311 23.342073
197.328706 578.865646 22.667405
199.007814 574.915656 21.712354
200.686922 573.924737 21.016072
202.366030 577.119683 19.055319
204.045138 580.441638 17.455502
205.724246 582.884440 17.515738
207.403354 582.153632 17.773209
209.082462 583.282585 19.082536
210.761570 588.561805 20.514143
212.440678 591.043667 23.938135
214.119786 594.337140 27.232856
215.798894 599.842203 29.440597
217.478002 603.506382 28.958667
219.157110 606.978717 28.197864
220.836218 610.630490 27.236321
222.515326 615.639013 24.482186
224.194434 623.104569 22.055485
225.873542 634.424654 20.798352
227.552650 642.939815 21.443114
229.231758 653.288441 23.646801
230.910866 667.342563 27.791202
232.589974 673.971373 26.193726
234.269082 679.572325 23.569219
235.948190 685.113493 20.854584
237.627298 687.588907 22.305047
239.306406 689.321241 23.919401
240.985514 690.481073 24.631229
242.664622 689.002913 25.406825
244.343730 687.930111 25.498990
246.022838 687.796072 23.966326
247.701946 683.269694 21.223440
249.381054 680.586613 19.062746
251.060162 680.751673 17.675186
252.739270 679.986299 17.620436
254.418378 679.786926 17.282541
256.097486 680.324112 16.661033
257.776594 680.065478 18.255348
259.455702 680.654927 20.217765
261.134810 682.189711 22.398717
262.813918 680.926443 16.789670
264.493026 681.263765 13.274488
266.172134 683.201762 12.358366
267.851242 686.125101 12.395443
269.530350 688.329671 11.460287
271.209458 690.080125 10.037756
272.888566 694.850064 10.800690
274.567674 701.004373 10.422744
276.246782 707.884144 9.629988
277.925890 711.300621 10.827014
279.604998 715.192919 13.884137
281.284106 719.352621 17.965448
282.963214 723.179298 20.724753
284.642322 727.250134 21.987007
286.321430 732.287496 22.660083
288.000538 741.696568 25.144586
289.679646 748.810582 26.881646
291.358754 756.434417 28.220883
293.037862 770.310356 26.604654
294.716970 781.219499 26.614363
296.396078 790.368012 26.815055
298.075186 797.569293 25.227512
299.754294 798.376190 21.187987
301.433402 797.458291 16.872916
303.112510 797.002341 13.507226
304.791618 796.739945 10.562569
306.470726 795.065879 9.449010
308.149834 790.591192 10.540509
309.828942 788.651695 13.167419
311.508050 789.112239 14.376896
313.187158 792.664254 12.529606
314.866266 793.566911 12.842421
316.545374 795.184240 12.182336
318.224482 797.953255 10.358082
319.903590 800.816413 8.359554
321.582698 804.968743 9.894317
323.261806 810.001991 12.677876
324.940914 805.586465 16.051331
326.620022 798.347887 16.632138
328.299130 789.016934 15.259538
329.978238 780.270605 14.189861
331.657346 770.644219 13.708540
333.336454 761.293003 13.282538
335.015562 756.039447 12.387784
336.694670 747.748387 11.832846
338.373778 738.517315 11.171907
340.052886 730.592222 10.021646
341.731994 725.608674 9.244241
343.411102 721.952589 9.951138
345.090210 719.271933 9.757770
346.769318 713.956475 7.381098
348.448426 711.092835 5.747362
350.127534 713.273394 6.194419
351.806642 716.139485 7.944368
353.485750 719.271777 12.655060
355.164858 722.649076 16.891856
356.843966 724.960317 17.006061
358.523074 729.995875 18.516497
360.202182 737.133930 20.262413
361.881290 738.318992 21.774500
363.560398 739.691486 22.769140
365.239506 740.637640 23.107198
366.918614 738.317884 21.748383
368.597722 733.835394 17.648271
370.276830 728.732639 14.166406
371.955938 724.879297 10.293409
373.635046 720.369642 9.973358
375.314154 714.367768 10.660569
376.993262 705.544670 11.682957
378.672370 705.473517 12.302832
380.351478 705.535180 13.623839
382.030586 703.672341 16.316983
383.709694 705.006343 18.402240
385.388802 705.701061 20.325293
387.067910 705.779930 21.788341
388.747018 710.342081 22.613389
390.426126 711.689651 25.391290
392.105234 711.210828 29.587129
393.784342 713.219174 31.359225
395.463450 714.098284 30.398599
397.142558 713.002510 28.744351
398.821666 707.194331 27.028852
400.500774 701.522615 23.157857
402.179882 697.007382 20.019081
403.858990 694.683998 17.459499
405.538098 692.232015 15.212484
407.217206 689.818124 13.514712
408.896314 687.472238 12.912337
410.575422 684.565371 13.066250
412.254530 681.717420 14.223790
413.933638 679.544267 16.041408
415.612746 682.830613 16.836744
417.291854 685.536787 16.703524
418.970962 688.306125 18.015399
420.650070 692.413461 22.304346
422.329178 696.170681 25.126387
424.008286 699.567387 26.781448
425.687394 702.433994 26.318569
427.366502 705.408855 26.334534
429.045610 709.160604 24.497783
430.724718 713.878141 20.221427
432.403826 720.453280 21.318492
434.082934 722.765949 22.031109
435.762042 721.712619 22.887043
437.441150 720.522335 23.077874
439.120258 719.266392 24.189476
440.799366 716.524023 25.798320
442.478474 709.194726 27.807277
444.157582 706.753322 27.600186
445.836690 703.308144 26.784437
447.515798 696.078590 25.573822
449.194906 689.369784 26.973362
450.874014 680.997938 27.227993
452.553122 671.463647 25.993646
454.232230 671.427566 22.400391
455.911338 667.699317 21.392793
457.590446 662.364780 21.253846
459.269554 659.687577 19.187011
460.948662 659.358955 19.335507
462.627770 660.121527 19.399122
464.306878 661.584099 16.897615
465.985986 663.084480 18.552361
467.665094 666.536722 19.613221
469.344202 672.192891 21.285185
471.023310 675.300247 20.486422
472.702418 681.209544 21.134099
474.381526 688.033788 22.259995
476.060634 690.192860 21.686962
477.739742 696.791048 20.591656
479.418850 706.059478 19.630070
481.097958 717.796673 19.984281
482.777066 731.498916 16.872478
484.456174 741.591580 15.903400
486.135282 747.102397 18.693675
487.814390 753.188042 20.858255
489.493498 758.087837 23.495847
491.172606 762.463709 25.407522
492.851714 767.968395 22.862630
494.530822 772.020587 25.506910
496.209930 775.176625 27.988636
497.889038 777.467262 27.084505
499.568146 750.659169 19.678691
501.247254 697.336566 17.582205
502.926362 625.904720 23.904281
504.605470 651.388092 29.501706
506.284578 1044.227525 30.826522
507.963686 1819.532232 33.279151
509.642794 3216.373978 33.222291
511.321902 4939.623748 37.543846
513.001010 6681.668709 45.581516
514.680118 8324.934048 54.881114
516.359226 9520.671122 67.883379
518.038334 10402.628334 78.521731
519.717442 10961.753014 85.721991
521.396550 11011.477418 84.102524
523.075658 10642.409329 82.597188
524.754766 9941.117865 79.698787
526.433874 8852.234427 72.523982
528.112982 7363.939007 62.312156
529.792090 5719.817848 55.522574
531.471198 3971.962085 51.784027
533.150306 2452.421536 39.239847
534.829414 1406.751616 27.270669
536.508522 787.720750 19.230365
538.187630 717.441056 10.616273
539.866738 812.544214 12.315972
541.545846 910.527483 16.806010
543.224954 956.580909 15.556737
544.904062 935.855685 18.719371
546.583170 914.704887 21.422575
548.262278 892.353951 23.715670
549.941386 863.465638 26.362664
551.620494 837.268367 27.989234
553.299602 814.008787 28.978401
554.978710 794.570694 30.029187
556.657818 773.756646 27.063394
558.336926 756.484060 27.030075
560.016034 741.686705 28.632649
561.695142 722.795266 28.678368
563.374250 705.338199 29.345580
565.053358 690.683372 29.475255
566.732466 680.811913 26.746741
568.411574 670.505427 25.574005
570.090682 663.137755 24.828016
571.769790 657.926093 24.428256
573.448898 647.206510 24.267723
575.128006 639.863902 24.010073
576.807114 634.944819 22.713885
578.486222 632.358515 18.982473
580.165330 630.500734 18.102029
581.844438 630.017020 19.034810
583.523546 630.542393 20.525332
585.202654 628.619136 18.955592
586.881762 631.647081 19.030378
588.560870 635.433125 19.571949
590.239978 636.138484 18.906055
591.919086 635.130358 19.943057
593.598194 636.284253 22.031979
595.277302 639.222997 24.244043
596.956410 638.311552 24.948590
598.635518 638.074672 25.086333
600.314626 636.825614 24.675619
601.993734 632.832229 23.730782
603.672842 629.830997 21.892541
605.351950 629.276898 20.475120
607.031058 630.374623 19.935868
608.710166 628.561301 23.641918
610.389274 629.724187 24.926000
612.068382 631.879308 25.162794
613.747490 633.963942 25.231445
615.426598 637.386782 27.045466
617.105706 639.548011 28.535814
618.784814 640.340126 28.934724
620.463922 639.466248 28.665158
622.143030 640.981894 29.052649
623.822138 642.557250 29.321645
625.501246 643.193384 29.031778
627.180354 639.556138 24.430624
628.859462 635.309511 21.788398
630.538570 629.682698 20.942938
632.217678 620.704877 22.648908
633.896786 613.628992 23.528829
635.575894 608.952537 24.028137
637.255002 606.593168 24.101419
638.934110 602.928921 22.557968
640.613218 599.145455 20.636628
642.292326 595.804987 20.546794
643.971434 593.615819 24.765682
645.650542 592.252005 25.542519
647.329650 594.860878 25.656332
649.008758 600.839718 25.237541
650.687866 606.678269 25.262820
652.366974 614.288573 23.987123
654.046082 621.178230 22.297832
655.725190 626.105088 20.653096
657.404298 630.315312 19.565914
659.083406 633.171271 20.376596
660.762514 634.659772 21.354326
662.441622 634.438516 19.627867
664.120730 635.472465 18.196760
665.799838 634.397977 18.116309
667.478946 630.977353 19.164201
669.158054 627.796875 18.603275
670.837162 626.192715 15.609111
672.516270 623.363824 13.492438
674.195378 617.356899 14.711423
675.874486 616.141175 12.528366
677.553594 614.386136 10.846941
679.232702 612.119072 10.589176
680.911810 609.471807 9.145833
682.590918 606.621112 13.074149
684.270026 602.228802 15.586791
685.949134 596.208235 15.638659
687.628242 589.869685 18.033701
689.307350 587.563129 17.267654
690.986458 585.733214 16.367354
692.665566 582.354468 16.202891
694.344674 583.041150 17.106764
696.023782 584.187147 15.544191
697.702890 585.174660 12.810639
699.381998 584.942524 12.318147
701.061106 585.554794 15.208923
702.740214 587.851545 16.225235
704.419322 590.580313 15.957601
706.098430 587.835884 19.688062
707.777538 584.770793 21.042267
709.456646 582.241615 23.745730
711.135754 580.730947 29.197174
712.814862 582.083022 30.848724
714.493970 580.139598 31.486493
716.173078 578.217010 31.634302
717.852186 579.385164 30.542592
719.531294 575.648046 31.208650
721.210402 576.021570 28.116503
722.889510 578.541252 23.183926
724.568618 578.671716 20.473516
726.247726 577.163967 18.325057
727.926834 578.429285 17.351220
729.605942 581.646500 17.616069
731.285050 579.725075 17.998900
732.964158 579.546079 18.682358
734.643266 580.891441 19.434967
736.322374 583.658790 20.781100
738.001482 586.723674 21.107543
739.680590 590.839168 21.229948
741.359698 593.161455 22.351248
743.038806 591.473908 26.095342
744.717914 593.225658 24.851579
746.397022 592.941112 26.914473
748.076130 592.123855 29.374648
749.755238 592.839607 27.476205
751.434346 596.675667 27.957143
753.113454 595.027536 28.811512
754.792562 589.408614 29.262778
756.471670 584.674671 28.907021
758.150778 585.110362 29.812350
759.829886 587.028189 31.129700
761.508994 588.993240 32.302509
763.188102 587.788153 31.224182
764.867210 585.086490 26.894082
766.546318 583.467283 22.777713
768.225426 583.675823 20.101623
769.904534 584.996825 19.284873
771.583642 587.639141 15.563011
773.262750 589.981742 13.507362
774.941858 591.669362 15.203035
776.620966 599.352511 13.591887
778.300074 608.498812 15.021465
779.979182 614.350823 18.315490
781.658290 613.462570 20.401596
783.337398 616.564724 18.532240
785.016506 622.384285 18.716470
786.695614 626.868917 19.895203
788.374722 625.796693 20.425715
790.053830 626.492851 21.636816
791.732938 624.380078 23.226467
793.412046 621.968016 24.350163
795.091154 622.790623 23.467733
796.770262 623.640013 23.019638
798.449370 626.805288 21.837870
800.128478 630.300047 21.725941
801.807586 630.478465 23.313835
803.486694 632.113941 20.913272
805.165802 635.490399 20.527889
806.844910 638.242681 23.060767
808.524018 635.365409 26.824299
810.203126 636.323504 26.667960
811.882234 636.680936 23.960350
813.561342 635.206253 20.535323
815.240450 630.139044 20.997469
816.919558 627.938491 22.825220
818.598666 625.322149 23.067477
820.277774 623.149633 22.269149
821.956882 625.046778 21.108309
823.635990 625.124047 23.103722
825.315098 627.941433 24.432201
826.994206 631.963052 23.978771
828.673314 630.707181 22.713609
830.352422 633.019774 20.952819
832.031530 634.722426 21.377498
833.710638 634.315077 23.469336
835.389746 629.513152 23.350178
837.068854 629.081435 26.580684
838.747962 627.135290 27.520547
840.427070 623.099411 27.060840
842.106178 618.114018 29.721421
843.785286 610.929389 29.619632
845.464394 605.687141 28.679821
847.143502 601.902107 27.322544
848.822610 596.696165 26.140363
850.501718 598.515034 25.419326
852.180826 600.744417 24.661650
853.859934 602.490478 24.318313
855.539042 603.825062 24.528816
857.218150 608.850606 22.881340
858.897258 610.995481 21.241897
860.576366 612.172762 20.126746
862.255474 617.452696 19.606816
863.934582 628.348656 22.039280
865.613690 634.051188 21.744644
867.292798 636.006830 21.829691
868.971906 637.822877 25.247601
870.651014 636.915576 22.884787
872.330122 635.369329 22.391561
874.009230 633.055740 22.261434
875.688338 629.702221 20.069744
877.367446 637.619490 20.103785
879.046554 636.034450 19.673999
880.725662 631.854736 19.568177
882.404770 631.847284 20.178601
884.083878 633.434821 17.328987
885.762986 634.854339 19.710725
887.442094 635.656403 23.694159
889.121202 635.691278 24.661461
890.800310 636.907488 22.866298
892.479418 628.102484 22.423449
894.158526 619.951675 22.557780
895.837634 617.574658 22.965208
897.516742 620.296981 20.911983
899.195850 619.759366 19.924610
900.874958 620.402468 17.946149
902.554066 623.891470 15.731845
904.233174 631.074109 16.780925
905.912282 633.546660 13.522203
907.591390 637.462852 11.292284
909.270498 642.746151 10.948575
910.949606 646.523531 10.576428
912.628714 650.997897 16.721837
914.307822 649.891253 21.173206
915.986930 645.680882 23.099856
917.666038 642.627502 21.297936
919.345146 639.155109 19.470465
921.024254 645.250051 20.881997
922.703362 658.166846 22.055443
924.382470 674.901453 20.382975
926.061578 690.921129 21.953000
927.740686 711.230846 23.739114
929.419794 738.714953 25.911565
931.098902 774.174051 28.561603
932.778010 814.442461 31.979701
934.457118 850.550341 34.579672
936.136226 885.974640 33.781334
937.815334 920.631723 30.992035
939.494442 952.081705 30.797269
941.173550 973.208385 30.139421
942.852658 987.574012 28.962943
944.531766 998.106948 28.024671
946.210874 1008.258619 29.228210
947.889982 1013.705325 27.334491
949.569090 1016.198408 22.566874
951.248198 1016.913390 19.048208
952.927306 1017.339974 18.752654
954.606414 1022.209863 19.468892
956.285522 1032.850609 22.905584
957.964630 1043.416389 25.024136
959.643738 1050.999438 24.617303
961.322846 1052.768890 26.161917
963.001954 1053.932302 24.798454
964.681062 1056.707956 23.646078
966.360170 1058.242080 23.862010
968.039278 1054.548416 25.254424
969.718386 1053.007789 28.498730
971.397494 1051.126700 30.530981
973.076602 1050.213241 29.612962
974.755710 1051.131083 24.524235
976.434818 1054.169877 22.493307
978.113926 1052.564938 23.503960
979.793034 1050.471871 23.307450
981.472142 1047.932152 22.354993
983.151250 1042.682398 24.324893
984.830358 1031.525230 24.085860
986.509466 1014.204907 26.199665
988.188574 990.579856 27.244097
989.867682 961.259852 25.018797
991.546790 931.663852 22.878922
993.225898 897.975671 22.720482
994.905006 867.592724 23.619875
996.584114 841.946664 24.340581
998.263222 816.762397 24.957783
999.942330 803.726554 22.473925
1001.621438 791.573608 22.381828
1003.300546 779.961406 24.903597
1004.979654 770.165956 27.391892
1006.658762 768.190806 27.649585
1008.337870 767.721719 28.806622
1010.016978 770.806617 28.283131
1011.696086 775.322417 25.274455
1013.375194 771.680530 22.098804
1015.054302 759.153747 17.650451
1016.733410 746.426673 14.725102
1018.412518 734.023104 13.797725
1020.091626 721.698325 16.361719
1021.770734 714.007300 14.799098
1023.449842 709.308704 16.126859
1025.128950 706.839048 18.184119
1026.808058 705.371649 19.239662
1028.487166 702.416532 17.904385
1030.166274 697.684135 20.884157
1031.845382 691.956204 21.158962
1033.524490 687.781501 21.943327
1035.203598 687.475760 26.184900
1036.882706 691.455622 29.527803
1038.561814 686.781014 31.907503
1040.240922 679.939682 32.301002
1041.920030 673.758590 31.092504
1043.599138 669.933240 30.377041
1045.278246 667.071722 30.494649
1046.957354 667.393693 28.498732
1048.636462 669.639581 25.630739
1050.315570 672.587262 22.963290
1051.994678 675.026132 21.886523
1053.673786 680.384194 21.118061
1055.352894 680.764046 21.056249
1057.032002 678.227879 20.837436
1058.711110 677.180492 19.891792
1060.390218 681.036146 22.348214
1062.069326 683.400437 24.652936
1063.748434 683.349017 25.298935
1065.427542 681.193009 25.152100
1067.106650 678.372749 25.574267
1068.785758 674.762569 25.024804
1070.464866 668.920893 27.678737
1072.143974 662.471213 30.063528
1073.823082 656.981588 30.851257
1075.502190 654.224125 32.347460
1077.181298 650.905050 35.195238
1078.860406 649.778442 36.137235
1080.539514 647.985490 36.631287
1082.218622 643.052396 38.281803
1083.897730 641.292067 37.288737
1085.576838 644.679730 32.228497
1087.255946 647.245420 27.333985
1088.935054 648.847007 22.745745
1090.614162 651.565898 17.369608
1092.293270 655.033136 16.717806
1093.972378 654.440671 16.440066
1095.651486 653.163981 16.276425
1097.330594 651.856347 15.999293
1099.009702 648.993546 17.753568
1100.688810 652.045560 16.484543
1102.367918 650.814092 17.691210
1104.047026 647.710788 19.701879
1105.726134 644.550472 21.899216
1107.405242 642.104140 25.520894
1109.084350 640.447709 25.362309
1110.763458 640.136337 24.845403
1112.442566 641.344061 24.866914
1114.121674 644.798263 26.189891
1115.800782 653.260608 26.693994
1117.479890 661.178380 27.584315
1119.158998 664.047841 27.334274
1120.838106 664.975818 26.860575
1122.517214 666.085686 27.393876
1124.196322 661.909394 27.364007
1125.875430 665.068479 25.776813
1127.554538 661.297509 23.892374
1129.233646 653.222906 22.937969
1130.912754 645.420483 24.061731
1132.591862 636.323066 25.816483
1134.270970 632.535083 26.625771
1135.950078 628.705300 26.457397
1137.629186 627.926615 26.622505
1139.308294 632.622302 27.055681
1140.987402 632.537161 27.007559
1142.666510 632.083853 27.276425
1144.345618 629.380560 25.771741
1146.024726 626.572268 24.405701
1147.703834 625.858500 24.568552
1149.382942 624.507399 21.469127
1151.062050 627.260348 20.453494
1152.741158 622.655236 23.568816
1154.420266 616.712450 27.763853
1156.099374 617.075172 30.241648
1157.778482 620.319327 28.638008
1159.457590 628.201492 30.770217
1161.136698 633.419733 34.429626
1162.815806 636.711484 36.324232
1164.494914 639.383344 34.963201
1166.174022 638.890143 31.348212
1167.853130 635.449235 29.850431
1169.532238 633.396207 28.959431
1171.211346 631.285584 27.873228
1172.890454 628.356199 27.022630
1174.569562 627.778267 28.350114
1176.248670 625.376165 28.740522
1177.927778 617.999526 32.416422
1179.606886 615.463118 35.959026
1181.285994 621.754457 37.217550
1182.965102 629.237505 37.059338
1184.644210 633.797584 37.873327
1186.323318 636.063866 37.463084
1188.002426 637.652508 36.400174
1189.681534 639.035103 34.162716
1191.360642 639.446424 31.103955
1193.039750 640.191318 29.520299
1194.718858 636.246881 28.971263
1196.397966 634.260955 28.682083
1198.077074 635.475338 27.100775
1199.756182 637.345018 23.691338
1201.435290 633.755401 20.944903
1203.114398 630.072334 21.449002
1204.793506 628.937964 21.704692
1206.472614 631.777606 22.056140
1208.151722 637.482339 22.212001
1209.830830 637.226011 20.714496
1211.509938 636.707700 23.614022
1213.189046 637.170496 23.374986
1214.868154 635.623435 22.120126
1216.547262 632.245238 22.682215
1218.226370 633.328129 20.156538
1219.905478 631.426195 18.874906
1221.584586 633.987553 19.719854
1223.263694 634.690972 18.784229
1224.942802 632.134459 17.008459
1226.621910 628.927263 17.769773
1228.301018 626.821074 18.954572
1229.980126 620.834422 22.732679
1231.659234 621.903569 24.565831
1233.338342 623.757718 25.098028
1235.017450 620.413038 26.108790
1236.696558 622.421509 32.251602
1238.375666 620.505564 30.699998
1240.054774 619.544570 30.281514
1241.733882 621.562282 30.465556
1243.412990 625.994396 30.973251
1245.092098 629.917710 31.202738
1246.771206 633.010508 31.934983
1248.450314 636.223717 28.760843
1250.129422 639.070792 25.581510
1251.808530 641.786211 23.526945
1253.487638 643.913187 22.980788
1255.166746 641.909403 23.641981
1256.845854 648.796652 25.772968
1258.524962 651.693175 28.163702
1260.204070 653.258313 32.083394
1261.883178 655.303125 35.443462
1263.562286 657.125966 34.768045
1265.241394 653.716562 33.336269
1266.920502 648.282580 32.979252
1268.599610 644.102858 30.243865
1270.278718 640.686565 24.999458
1271.957826 636.840029 19.752155
1273.636934 632.292602 18.227472
1275.316042 626.241919 16.633479
1276.995150 625.005124 15.943711
1278.674258 627.889274 17.598632
1280.353366 634.015938 20.805030
1282.032474 642.538569 23.685244
1283.711582 652.898185 29.083289
1285.390690 655.133489 32.354055
1287.069798 656.694082 33.732165
1288.748906 651.739473 33.658061
1290.428014 643.126591 32.432774
1292.107122 641.998656 29.359323
1293.786230 637.792092 24.468191
1295.465338 630.917710 21.191732
1297.144446 625.353746 19.657569
1298.823554 619.642106 19.607540
1300.502662 615.834722 20.719770
1302.181770 622.583292 22.666897
1303.860878 634.399854 24.147257
1305.539986 639.157055 22.377978
1307.219094 643.754329 23.310679
1308.898202 644.501617 24.653688
1310.577310 639.333600 24.473081
1312.256418 637.237153 25.740836
1313.935526 631.118018 25.352691
1315.614634 634.843707 25.977347
1317.293742 636.063382 27.302616
1318.972850 635.270582 27.754438
1320.651958 636.022510 26.155991
1322.331066 633.541571 24.669149
1324.010174 632.912114 24.415135
1325.689282 639.411096 26.278584
1327.368390 644.372082 26.749914
1329.047498 644.421383 27.521003
1330.726606 641.446938 29.972014
1332.405714 642.478729 31.992478
1334.084822 642.233102 28.479379
1335.763930 643.095038 28.011116
1337.443038 639.675434 29.857933
1339.122146 635.736087 32.159296
1340.801254 635.523335 33.467896
1342.480362 632.628060 34.080733
1344.159470 629.073483 30.802560
1345.838578 624.671434 33.233082
1347.517686 620.787949 34.142173
1349.196794 620.560399 33.806653
1350.875902 623.228143 34.035056
1352.555010 619.594875 34.802007
1354.234118 620.136986 38.075778
1355.913226 624.393832 37.085051
1357.592334 628.500161 32.575582
1359.271442 628.864424 28.862143
1360.950550 625.852334 28.869543
1362.629658 625.187502 31.168172
1364.308766 628.136120 29.746256
1365.987874 628.040970 27.847626
1367.666982 625.096210 25.457896
1369.346090 622.777682 24.050257
1371.025198 623.956391 24.714124
1372.704306 628.475340 26.108661
1374.383414 628.708423 30.681396
1376.062522 624.725175 33.154840
1377.741630 623.287385 36.233111
1379.420738 622.570812 37.671641
1381.099846 622.065491 37.067624
1382.778954 621.467658 36.611546
1384.458062 616.045758 35.508138
1386.137170 620.111150 35.449355
1387.816278 619.859658 32.457888
1389.495386 616.763082 28.594005
1391.174494 614.476558 25.136513
1392.853602 615.063174 21.443337
1394.532710 616.935399 15.850769
1396.211818 620.350015 16.998349
1397.890926 610.203756 17.027951
1399.570034 603.719782 16.980532
1401.249142 603.222034 21.111341
1402.928250 603.868605 25.718009
1404.607358 601.936824 26.154372
1406.286466 609.128546 28.897885
1407.965574 608.110798 28.711952
1409.644682 615.003525 31.269550
1411.323790 620.523318 31.072875
1413.002898 624.217388 28.322226
1414.682006 630.513727 24.470260
1416.361114 642.448565 19.970209
1418.040222 647.072337 12.737013
1419.719330 646.145957 13.497798
1421.398438 641.415607 11.404895
1423.077546 635.650147 11.047970
1424.756654 633.858744 12.775168
1426.435762 637.064438 13.674627
1428.114870 636.455836 14.239086
1429.793978 641.342399 17.436289
1431.473086 637.689605 21.180308
1433.152194 637.160775 23.966870
1434.831302 638.881521 23.149113
1436.510410 639.048845 21.253400
1438.189518 636.871891 22.528977
1439.868626 639.380939 22.128549
1441.547734 634.008445 22.079817
1443.226842 633.366389 21.198447
1444.905950 636.459729 19.158999
1446.585058 637.893329 18.125495
1448.264166 638.398360 18.010723
1449.943274 642.244997 17.251929
1451.622382 641.256631 17.966218
1453.301490 644.229873 21.758523
1454.980598 644.137394 24.412292
1456.659706 644.394809 24.119913
1458.338814 643.749605 22.884223
1460.017922 640.380071 23.388538
1461.697030 634.808078 24.467595
1463.376138 631.350135 20.362055
1465.055246 626.810808 20.723631
1466.734354 628.679621 20.122694
1468.413462 634.175488 23.037075
1470.092570 634.486896 26.018088
1471.771678 629.362666 27.155483
1473.450786 626.438304 25.469690
1475.129894 628.379307 26.083570
1476.809002 635.064779 24.754191
1478.488110 637.483479 24.396161
1480.167218 633.287154 24.766412
1481.846326 625.077055 27.848670
1483.525434 618.636337 31.167046
1485.204542 616.402320 31.816819
1486.883650 612.356157 32.117166
1488.562758 609.975441 36.122354
1490.241866 610.200918 33.219985
1491.920974 612.211628 31.486625
1493.600082 611.564560 30.931118
1495.279190 609.767111 30.345076
1496.958298 611.541022 30.396404
1498.637406 618.825232 31.295809
1500.316514 623.753818 30.730407
1501.995622 630.586910 31.897274
1503.674730 629.247978 34.640683
1505.353838 629.243044 37.661471
1507.032946 630.581170 41.104389
1508.712054 631.631833 43.863206
1510.391162 632.410782 45.119245
1512.070270 633.033238 47.586445
1513.749378 632.527614 44.865195
1515.428486 629.750615 43.839605
1517.107594 624.710770 41.418561
1518.786702 618.746523 38.528384
1520.465810 617.698061 35.926560
1522.144918 621.241314 34.221975
1523.824026 622.398654 33.862286
1525.503134 625.561512 33.792581
1527.182242 620.629271 37.265883
1528.861350 619.804173 37.068679
1530.540458 620.931386 35.806004
1532.219566 623.946659 33.749492
1533.898674 625.714479 31.068738
1535.577782 624.602867 28.215080
1537.256890 623.598180 25.649718
1538.935998 622.456428 24.563860
1540.615106 619.605555 21.850067
1542.294214 618.927907 23.799674
1543.973322 620.778974 23.558157
1545.652430 621.131585 25.095750
1547.331538 619.590352 29.068049
1549.010646 618.146580 34.151097
1550.689754 616.786878 38.752953
1552.368862 612.413944 42.330920
1554.047970 616.256725 45.584028
1555.727078 620.591564 47.077161
1557.406186 615.487293 45.011318
1559.085294 612.333752 40.278701
1560.764402 613.420970 36.203959
1562.443510 614.450433 33.797146
1564.122618 614.984479 31.402188
1565.801726 618.618680 30.121295
1567.480834 622.699825 24.292507
1569.159942 625.295600 21.180624
1570.839050 627.087586 19.123049
1572.518158 626.860421 17.631576
1574.197266 625.116999 17.175506
1575.876374 626.181348 19.293185
1577.555482 633.851278 22.525792
1579.234590 642.944611 23.914788
1580.913698 638.445194 28.480130
1582.592806 641.637479 26.613033
1584.271914 642.026498 29.124772
1585.951022 644.098733 29.359388
1587.630130 645.235526 29.594213
1589.309238 644.353676 29.495950
1590.988346 640.466651 29.063069
1592.667454 631.667042 29.577775
1594.346562 624.588601 27.334865
1596.025670 617.955894 27.754085
1597.704778 616.547147 24.328013
1599.383886 616.433449 25.523433
1601.062994 618.793290 26.997699
1602.742102 620.416696 29.391913
1604.421210 619.584906 30.136551
1606.100318 617.963280 28.328999
1607.779426 617.695210 27.469006
1609.458534 619.263120 25.486261
1611.137642 617.087279 27.333502
1612.816750 621.544434 25.580956
1614.495858 617.356088 27.533296
1616.174966 614.918570 26.988602
1617.854074 617.112042 28.558406
1619.533182 619.026278 33.344601
1621.212290 618.087583 36.013354
1622.891398 618.415973 34.551209
1624.570506 619.826586 35.373511
1626.249614 627.945727 30.597258
1627.928722 627.512615 28.343983
1629.607830 627.100233 27.101303
1631.286938 629.150214 26.205662
1632.966046 631.599702 27.742617
1634.645154 634.371407 30.016353
1636.324262 634.022076 29.742002
1638.003370 628.045942 28.321237
1639.682478 631.534510 28.765657
1641.361586 634.424985 26.602761
1643.040694 633.716799 26.178012
1644.719802 631.130037 21.846915
1646.398910 632.525831 19.673667
1648.078018 635.080440 16.141606
1649.757126 634.578380 14.066207
1651.436234 631.360022 16.590917
1653.115342 631.696655 21.708891
1654.794450 638.849906 22.357611
1656.473558 637.261496 25.245994
1658.152666 634.456333 23.952859
1659.831774 629.967690 23.086008
1661.510882 631.248007 26.514735
1663.189990 627.135063 28.033191
1664.869098 623.609526 30.705001
1666.548206 619.585213 33.787552
1668.227314 615.242153 35.403705
1669.906422 612.030804 36.273493
1671.585530 606.312381 37.742282
1673.264638 606.558082 37.699337
1674.943746 609.346536 38.461479
1676.622854 621.074526 32.473691
1678.301962 617.783859 32.182669
1679.981070 616.634858 30.322618
1681.660178 617.857297 28.609594
1683.339286 621.144836 28.055498
1685.018394 623.111604 28.279109
1686.697502 622.744602 29.011959
1688.376610 622.973321 30.037991
1690.055718 618.274440 28.957109
1691.734826 612.162149 31.400339
1693.413934 609.295013 34.720658
1695.093042 609.603997 33.672042
1696.772150 607.767573 31.381388
1698.451258 608.825945 29.105464
1700.130366 602.045300 28.934253
1701.809474 597.315118 26.946071
1703.488582 601.177599 23.866368
1705.167690 606.785712 23.910905
1706.846798 612.073547 25.082980
1708.525906 617.782826 25.504974
1710.205014 624.164069 26.109427
1711.884122 628.862569 28.245755
1713.563230 629.962785 29.535267
1715.242338 633.224728 33.181221
1716.921446 633.700120 33.258024
1718.600554 627.672402 31.254804
1720.279662 620.779458 27.161567
1721.958770 613.278438 23.335100
1723.637878 607.820719 20.231027
1725.316986 610.446738 15.989248
1726.996094 608.870023 16.205024
1728.675202 605.635407 14.143910
1730.354310 598.011196 15.484495
1732.033418 595.572085 19.555610
1733.712526 592.194216 24.164634
1735.391634 586.185135 26.271575
1737.070742 583.885643 28.424698
1738.749850 581.804621 31.033724
1740.428958 579.668347 30.547209
1742.108066 580.412861 27.748114
1743.787174 583.730325 26.650103
1745.466282 589.775373 26.243868
1747.145390 603.063264 27.785521
1748.824498 610.826232 27.347858
1750.503606 612.905406 26.926433
1752.182714 607.737109 30.126108
1753.861822 606.797388 30.251816
1755.540930 605.461999 29.056101
1757.220038 603.085966 28.643716
1758.899146 602.726506 26.312210
1760.578254 604.868765 24.012456
1762.257362 607.183591 23.220197
1763.936470 605.548017 20.723998
1765.615578 600.905748 15.465320
1767.294686 600.833487 13.584449
1768.973794 603.641969 13.473133
1770.652902 608.142755 17.657552
1772.332010 603.877238 16.317033
1774.011118 603.398289 18.607320
1775.690226 600.948074 21.274427
1777.369334 598.552778 24.275872
1779.048442 594.793820 27.464004
1780.727550 594.132251 31.731367
1782.406658 597.687882 32.421249
1784.085766 600.985399 29.850717
1785.764874 600.978226 26.480302
1787.443982 599.034264 23.174710
1789.123090 599.077590 21.901588
1790.802198 605.198632 21.386563
1792.481306 612.217290 22.368001
1794.160414 613.607173 19.071522
1795.839522 615.521171 17.018550
1797.518630 612.318495 16.729241
1799.197738 607.389479 17.723026
1800.876846 605.651811 22.115080
1802.555954 611.015371 26.056422
1804.235062 613.883795 26.323608
1805.914170 615.084674 27.894624
1807.593278 614.141932 30.173372
1809.272386 608.149154 29.554168
1810.951494 602.295805 28.239133
1812.630602 598.652640 27.012711
1814.309710 589.197412 26.727571
1815.988818 583.426911 28.250780
1817.667926 579.713408 25.971244
1819.347034 570.462922 24.921705
1821.026142 560.262222 24.874421
1822.705250 559.463945 26.673031
1824.384358 566.120056 27.278358
1826.063466 570.053379 30.056332
1827.742574 579.799986 30.471903
1829.421682 589.818293 28.409877
1831.100790 596.117449 27.126655
1832.779898 598.638800 26.750708
1834.459006 597.274110 26.512342
1836.138114 596.401401 25.464411
1837.817222 598.081985 24.280212
1839.496330 595.045197 23.939653
1841.175438 585.325911 22.487227
1842.854546 580.120527 19.441229
1844.533654 585.692775 21.188666
1846.212762 584.141382 24.003721
1847.891870 585.967392 29.194956
1849.570978 590.165433 26.792712
1851.250086 594.371676 27.429695
1852.929194 592.092914 25.384718
1854.608302 588.818546 26.135020
1856.287410 589.760366 26.419019
1857.966518 593.551209 24.345999
1859.645626 592.671378 24.283591
1861.324734 591.887079 25.412733
1863.003842 593.181315 24.282273
1864.682950 595.949656 24.569941
1866.362058 594.519434 27.974094
1868.041166 588.498595 30.040721
1869.720274 586.708538 30.673812
1871.399382 584.193560 30.002438
1873.078490 583.065909 29.142214
1874.757598 581.498078 28.618909
1876.436706 587.291558 29.347085
1878.115814 589.473706 27.735574
1879.794922 592.813608 25.245246
1881.474030 595.121395 20.735100
1883.153138 601.341557 19.037563
1884.832246 598.633002 17.122891
1886.511354 595.339029 19.481625
1888.190462 592.586802 25.162591
1889.869570 589.679941 27.076157
1891.548678 589.461053 28.023960
1893.227786 590.373213 27.485907
1894.906894 586.496645 28.702769
1896.586002 581.709020 31.116869
1898.265110 576.521532 31.455076
1899.944218 574.994827 27.232980
1901.623326 578.996804 19.657068
1903.302434 579.529326 13.878883
1904.981542 577.230763 12.529356
1906.660650 572.744021 14.736115
1908.339758 569.112016 17.889228
1910.018866 570.939111 19.009111
1911.697974 572.121393 14.216795
1913.377082 573.381773 14.915050
1915.056190 569.629693 14.508089
1916.735298 567.228751 22.093395
1918.414406 570.524823 23.686311
1920.093514 574.496445 21.979278
1921.772622 583.088897 21.500781
1923.451730 583.888616 23.871376
1925.130838 583.705917 29.678629
1926.809946 583.259755 33.030888
1928.489054 582.305907 32.996167
1930.168162 586.033380 33.370188
1931.847270 586.720811 33.782919
1933.526378 584.820319 35.986847
1935.205486 583.607678 38.484214
1936.884594 584.550325 40.181383
1938.563702 584.745070 38.876781
1940.242810 586.232000 35.233162
1941.921918 590.569295 32.845497
1943.601026 592.951260 31.907631
1945.280134 592.892928 28.987510
1946.959242 592.135189 23.889748
1948.638350 591.935081 20.050796
1950.317458 594.151225 17.126999
1951.996566 592.468225 19.659718
1953.675674 591.509784 23.683931
1955.354782 593.419377 26.268421
1957.033890 592.149338 26.466840
1958.712998 591.452340 24.867396
1960.392106 593.763566 21.862104
1962.071214 599.469305 24.118785
1963.750322 602.206737 24.335597
1965.429430 604.158875 25.099706
1967.108538 600.965410 21.987423
1968.787646 595.134861 23.324597
1970.466754 590.982322 19.618657
1972.145862 585.511731 22.394486
1973.824970 581.717294 22.884707
1975.504078 578.487662 22.340431
1977.183186 577.260734 25.383139
1978.862294 575.188620 27.363076
1980.541402 575.704546 27.203846
1982.220510 578.772035 30.480116
1983.899618 582.981416 30.048336
1985.578726 588.675369 32.884136
1987.257834 589.667539 30.421292
1988.936942 590.231355 27.025468
1990.616050 589.726946 27.043083
1992.295158 592.523038 24.389391
1993.974266 588.689001 21.581749
1995.653374 584.946218 23.092969
1997.332482 585.120003 28.210083
1999.011590 585.648752 29.984265
2000.690698 583.807486 28.368149
2002.369806 580.500713 28.421449
2004.048914 580.634996 28.276090
2005.728022 582.609704 27.152942
2007.407130 582.625670 25.310334
2009.086238 583.003845 22.884498
2010.765346 585.487228 23.972217
2012.444454 587.902859 23.397045
2014.123562 587.486507 23.448613
2015.802670 585.820982 26.900844
2017.481778 588.241598 26.727453
2019.160886 590.152159 21.224908
2020.839994 591.042981 15.229288
2022.519102 589.809200 14.050103
2024.198210 586.723148 17.415611
2025.877318 585.908721 18.656704
2027.556426 585.369201 18.878738
2029.235534 582.504764 20.835614
2030.914642 582.020112 23.748484
2032.593750 580.310021 27.448833
2034.272858 577.008594 29.122120
2035.951966 575.761546 28.911104
2037.631074 574.329223 28.302835
2039.310182 579.717313 24.910586
2040.989290 584.193567 23.845295
2042.668398 593.452482 23.066204
2044.347506 588.751638 23.291445
2046.026614 587.342402 21.455681
2047.705722 591.252249 23.040225
2049.384830 588.538825 22.678489
2051.063938 589.496840 23.112051
2052.743046 588.867845 25.442374
2054.422154 586.318332 24.761256
2056.101262 584.376058 21.887778
2057.780370 579.564273 22.390294
2059.459478 578.702973 19.278639
2061.138586 578.711705 15.610743
2062.817694 583.799360 12.640014
2064.496802 574.082069 13.650966
2066.175910 575.720549 12.709752
2067.855018 580.553503 17.290188
2069.534126 582.300259 16.243502
2071.213234 582.968744 17.515302
2072.892342 581.317866 17.377270
2074.571450 581.549077 18.363150
2076.250558 581.221322 18.831875
2077.929666 574.503983 20.940898
2079.608774 575.400343 24.058507
2081.287882 581.053950 25.796718
2082.966990 583.827542 27.687995
2084.646098 580.074914 31.423852
2086.325206 583.015152 29.955304
2088.004314 580.460303 30.817174
2089.683422 575.086186 29.093682
2091.362530 570.139673 27.571627
2093.041638 566.706538 24.387120
2094.720746 563.514974 23.217637
2096.399854 562.946896 24.644654
2098.078962 564.619461 28.451339
2099.758070 567.908552 29.637486
2101.437178 571.263680 30.682910
2103.116286 575.289213 29.985114
2104.795394 576.291763 29.502582
2106.474502 570.586784 25.114042
2108.153610 565.881957 25.535248
2109.832718 561.228403 22.887420
2111.511826 564.081362 21.068483
2113.190934 562.727560 19.946799
2114.870042 561.316040 21.950336
2116.549150 567.869919 22.793122
2118.228258 571.792961 22.722325
2119.907366 570.353717 19.727765
2121.586474 572.125674 17.535762
2123.265582 572.519251 17.679522
2124.944690 566.580601 17.620798
2126.623798 565.925037 17.855433
2128.302906 567.136188 18.375618
2129.982014 570.230783 19.590829
2131.661122 577.257932 18.499004
2133.340230 581.132149 16.153749
2135.019338 583.877893 18.775804
2136.698446 585.837583 19.040725
2138.377554 585.967798 15.138864
2140.056662 583.371008 13.938796
2141.735770 582.089006 15.429887
2143.414878 578.129372 17.704115
2145.093986 576.924928 19.653658
2146.773094 577.557890 20.859001
2148.452202 576.885948 23.928783
2150.131310 576.829961 25.831463
2151.810418 574.996077 25.110822
2153.489526 571.542115 26.459748
2155.168634 564.353820 29.944590
2156.847742 563.224898 26.977614
2158.526850 567.973613 24.152723
2160.205958 564.204352 30.468842
2161.885066 561.619393 29.368420
2163.564174 558.063990 31.573805
2165.243282 556.051100 32.867515
2166.922390 555.870554 34.963486
2168.601498 559.564635 37.954183
2170.280606 560.919403 42.912470
2171.959714 563.058874 41.979004
2173.638822 560.649110 40.551481
2175.317930 557.539440 32.290059
2176.997038 560.173077 26.651927
2178.676146 555.011817 27.414371
2180.355254 546.890950 25.168061
2182.034362 548.932685 21.933989
2183.713470 549.137827 22.291919
2185.392578 552.754418 22.327898
2187.071686 555.925731 26.542690
2188.750794 559.393728 27.778064
2190.429902 559.230019 28.736302
2192.109010 559.228205 26.950810
2193.788118 558.944848 26.643308
2195.467226 559.888405 25.264624
2197.146334 553.829424 26.190759
2198.825442 547.083765 27.367344
2200.504550 547.196444 25.735385
2202.183658 547.873849 24.510634
2203.862766 547.098031 23.476564
2205.541874 545.909341 21.553680
2207.220982 544.102366 18.672393
2208.900090 540.553126 14.046916
2210.579198 541.374088 13.414324
2212.258306 544.226807 14.695572
2213.937414 542.814885 15.488979
2215.616522 536.528153 19.255984
2217.295630 531.607598 19.876073
2218.974738 528.247438 20.599693
2220.653846 534.907460 21.497880
2222.332954 534.399851 24.412783
2224.012062 536.730630 21.023449
2225.691170 542.509014 22.400957
2227.370278 544.435708 24.927039
2229.049386 548.164726 26.162258
2230.728494 548.759164 29.809911
2232.407602 547.330475 32.011978
2234.086710 538.294474 31.712799
2235.765818 532.478985 26.124351
2237.444926 530.977928 20.889114
2239.124034 525.880758 19.266396
2240.803142 519.186125 19.763599
2242.482250 517.902592 19.833827
2244.161358 521.864941 22.901042
2245.840466 528.426007 24.383894
2247.519574 532.647537 23.054372
2249.198682 538.891264 23.863019
2250.877790 549.332827 24.124014
2252.556898 547.886074 22.093155
2254.236006 549.673096 18.442537
2255.915114 552.660303 18.430721
2257.594222 554.085010 18.039116
2259.273330 548.394324 16.768528
2260.952438 542.844738 15.954484
2262.631546 539.571809 15.139764
2264.310654 537.022654 17.640199
2265.989762 529.840039 20.736082
2267.668870 526.017873 23.416462
2269.347978 527.146441 23.101950
2271.027086 527.700991 21.866530
2272.706194 531.024332 21.167417
2274.385302 535.737671 21.488098
2276.064410 539.853242 23.137796
2277.743518 542.231507 21.551249
2279.422626 537.561379 20.224437
2281.101734 534.542993 18.178601
2282.780842 533.363668 21.400681
2284.459950 527.631849 24.137285
2286.139058 524.317737 25.543628
2287.818166 518.807365 19.521703
2289.497274 519.181171 18.464068
2291.176382 525.498996 15.335847
2292.855490 526.483719 17.968270
2294.534598 526.546280 19.553993
2296.213706 527.829913 17.303118
2297.892814 532.274558 14.445602
2299.571922 534.149966 17.288409
2301.251030 534.759621 21.607150
2302.930138 530.615073 24.975243
2304.609246 529.103087 27.873270
2306.288354 520.749212 27.175504
2307.967462 512.547413 28.658810
2309.646570 512.330946 22.048086
2311.325678 507.897530 19.843944
2313.004786 504.463587 16.528599
2314.683894 509.473899 14.423314
2316.363002 512.953654 15.170942
2318.042110 514.621108 19.671179
2319.721218 518.053455 21.955929
2321.400326 525.427586 24.672718
2323.079434 533.166215 27.393559
2324.758542 532.482558 27.752124
2326.437650 532.313547 24.729767
2328.116758 534.750128 19.685587
2329.795866 532.349136 17.733660
2331.474974 529.357758 16.653119
2333.154082 534.815155 17.112719
2334.833190 530.746312 18.987218
2336.512298 525.587847 18.512881
2338.191406 520.386776 21.080478
2339.870514 524.893846 23.984941
2341.549622 523.709601 25.917173
2343.228730 520.932354 27.005467
2344.907838 517.753247 25.349327
2346.586946 514.139620 25.904796
2348.266054 508.827567 25.444158
2349.945162 503.895767 25.390026
2351.624270 504.461590 23.939039
2353.303378 498.287563 25.193379
2354.982486 494.270227 25.020566
2356.661594 491.744199 25.799564
2358.340702 500.067790 21.262570
2360.019810 501.937342 16.324750
2361.698918 506.297595 13.226547
2363.378026 515.578948 11.361837
2365.057134 524.494158 14.768279
2366.736242 525.301096 17.690993
2368.415350 522.668222 20.425149
2370.094458 521.212396 15.303833
2371.773566 521.620996 15.101161
2373.452674 522.667739 15.249615
2375.131782 512.428553 15.808694
2376.810890 516.355574 13.225870
2378.489998 513.906081 13.869615
2380.169106 514.596875 14.194630
2381.848214 518.547817 13.653152
2383.527322 516.815581 17.931340
2385.206430 514.996694 22.135555
2386.885538 519.057831 21.996515
2388.564646 520.421859 24.291879
2390.243754 520.827151 26.718037
2391.922862 520.069637 26.472823
2393.601970 516.884083 27.624256
2395.281078 523.730181 26.774518
2396.960186 522.376731 27.276492
2398.639294 520.461950 24.754755
2400.318402 516.409239 21.682673
2401.997510 509.985416 21.298852
2403.676618 506.262900 21.718375
2405.355726 502.076716 19.040089
2407.034834 494.288945 19.011576
2408.713942 486.503290 16.889097
2410.393050 488.293470 15.588712
2412.072158 491.894538 15.087107
2413.751266 494.302402 15.575806
2415.430374 492.094815 18.461016
2417.109482 497.832719 20.811189
2418.788590 501.646177 21.120506
2420.467698 509.293298 23.920127
2422.146806 508.914974 24.045687
2423.825914 506.430347 20.445843
2425.505022 503.910426 20.373300
2427.184130 500.535619 21.654144
2428.863238 505.116062 25.083876
2430.542346 505.075774 28.159439
2432.221454 494.998894 27.965287
2433.900562 490.467578 26.148279
2435.579670 488.454119 25.626436
2437.258778 485.304013 24.037476
2438.937886 484.711344 21.876975
2440.616994 479.929519 19.586559
2442.296102 478.860096 17.625881
2443.975210 482.393626 18.851480
2445.654318 490.048281 17.937793
2447.333426 498.526160 18.084714
2449.012534 499.478573 18.137140
2450.691642 498.947443 16.265068
2452.370750 495.795291 18.104861
2454.049858 491.166810 20.024548
2455.728966 484.849927 17.369540
2457.408074 490.951631 11.947419
2459.087182 489.820002 12.293172
2460.766290 490.684069 14.124895
2462.445398 496.133721 14.516170
2464.124506 495.311049 15.224336
2465.803614 492.114680 18.124599
2467.482722 481.272263 19.985674
2469.161830 477.676104 17.037518
2470.840938 471.184020 17.391978
2472.520046 468.668732 18.602961
2474.199154 468.312150 16.858330
2475.878262 470.802689 14.716117
2477.557370 475.618144 12.542925
2479.236478 479.929523 11.838319
2480.915586 482.587660 10.301530
2482.594694 468.908261 16.091492
2484.273802 466.079720 17.086201
2485.952910 470.074745 16.512703
2487.632018 471.695876 13.406019
2489.311126 474.110593 13.765304
2490.990234 477.919540 15.231267
2492.669342 485.829341 18.087374
2494.348450 493.450971 16.105246
2496.027558 494.647166 15.451026
2497.706666 492.874307 15.223104
2499.385774 483.117294 18.693093
2501.064882 475.133740 23.331271
2502.743990 471.555056 23.476796
2504.423098 463.846813 21.947008
2506.102206 458.762005 23.908805
2507.781314 456.556594 21.411010
2509.460422 459.255357 19.832442
2511.139530 465.108000 16.443673
2512.818638 470.154021 13.389994
2514.497746 471.729594 11.954145
2516.176854 473.051559 14.343010
2517.855962 477.523873 19.774789
2519.535070 478.330586 19.565037
2521.214178 470.527894 24.163408
2522.893286 469.785781 26.661381
2524.572394 469.736251 28.963886
2526.251502 470.117877 26.654966
2527.930610 465.202914 19.586283
2529.609718 466.860210 18.403263
2531.288826 462.890725 14.987350
2532.967934 461.413166 18.342162
2534.647042 473.461802 22.246249
2536.326150 475.878570 25.514324
2538.005258 476.981488 26.509938
2539.684366 482.592364 26.973109
2541.363474 485.941809 32.618436
2543.042582 485.607768 31.655971
2544.721690 481.559284 25.624890
2546.400798 482.824093 18.491009
2548.079906 486.863326 19.422792
2549.759014 485.590585 20.811618
2551.438122 489.125301 17.227552
2553.117230 487.342500 16.488315
2554.796338 485.430873 16.354261
2556.475446 483.555250 19.018231
2558.154554 478.367297 20.463341
2559.833662 465.906779 23.632215
2561.512770 460.839922 22.390931
2563.191878 462.900248 20.424422
2564.870986 466.488605 22.851833
2566.550094 464.656033 26.919054
2568.229202 467.050888 21.433244
2569.908310 470.069297 19.473174
2571.587418 468.121879 20.781401
2573.266526 468.956229 25.621756
2574.945634 471.482702 23.786955
2576.624742 470.746984 25.630037
2578.303850 474.927951 21.131011
2579.982958 477.947447 17.851971
2581.662066 480.778391 15.852678
2583.341174 476.018033 17.295284
2585.020282 476.437968 20.184011
2586.699390 469.765549 16.943981
2588.378498 461.454453 13.866930
2590.057606 450.314088 14.697903
2591.736714 444.329870 16.544646
2593.415822 445.172755 17.135519
2595.094930 446.041597 15.939652
2596.774038 446.407635 15.206422
2598.453146 446.611327 16.292924
2600.132254 444.260127 19.590956
2601.811362 443.403368 22.021289
2603.490470 447.154794 23.113666
2605.169578 444.897220 21.145047
2606.848686 441.405890 18.723371
2608.527794 440.210087 17.268028
2610.206902 444.647073 14.227646
2611.886010 444.691299 14.024331
2613.565118 447.726499 13.741140
2615.244226 453.237789 15.809664
2616.923334 454.380112 21.806654
2618.602442 454.683432 24.784932
2620.281550 456.240950 26.158074
2621.960658 457.657914 25.496132
2623.639766 463.039679 22.128500
2625.318874 468.886809 19.107257
2626.997982 461.880358 15.011300
2628.677090 455.733898 18.605991
2630.356198 452.174200 23.541430
2632.035306 452.989435 25.290863
2633.714414 453.268590 25.046912
2635.393522 449.664091 27.476341
2637.072630 447.290320 29.380140
2638.751738 449.769856 29.475455
2640.430846 456.665167 24.925665
2642.109954 456.250602 24.111199
2643.789062 443.555221 25.908444
2645.468170 437.079302 26.149435
2647.147278 430.727411 23.896237
2648.826386 430.050633 22.888425
2650.505494 432.620536 22.779180
2652.184602 430.936471 24.165077
2653.863710 432.308000 21.190565
2655.542818 431.704200 16.630539
2657.221926 439.239090 14.542164
2658.901034 441.604531 17.010353
2660.580142 444.759350 15.271731
2662.259250 446.133132 15.624627
2663.938358 446.718392 16.710253
2665.617466 447.994394 17.933656
2667.296574 448.211457 15.843530
2668.975682 440.481811 16.564951
2670.654790 438.927246 14.323296
2672.333898 435.023723 14.884945
2674.013006 437.335627 18.734197
2675.692114 435.043259 19.914234
2677.371222 439.092285 17.353321
2679.050330 439.280858 18.460416
2680.729438 440.221715 21.345262
2682.408546 438.736003 20.894773
2684.087654 437.348201 21.153004
2685.766762 435.295034 18.981247
2687.445870 438.189839 16.508869
2689.124978 433.715052 16.428843
2690.804086 429.495614 16.047640
2692.483194 427.979830 18.501607
2694.162302 434.209112 15.339966
2695.841410 429.063106 16.603284
2697.520518 421.870282 17.031729
2699.199626 416.097051 15.015647
2700.878734 415.522646 13.832057
2702.557842 416.707261 11.214277
2704.236950 416.657480 12.587746
2705.916058 415.211483 14.345958
2707.595166 419.314236 13.972994
2709.274274 426.064214 13.361710
2710.953382 430.032643 9.650121
2712.632490 431.164759 12.323437
2714.311598 425.922797 13.346981
2715.990706 428.543156 11.474260
2717.669814 429.045607 12.136185
2719.348922 427.384472 15.027773
2721.028030 424.881771 17.632645
2722.707138 419.848135 18.646675
2724.386246 418.828854 17.398860
2726.065354 420.485703 18.131262
2727.744462 421.651298 16.679811
2729.423570 424.199006 14.985645
2731.102678 424.890279 15.756718
2732.781786 424.423480 13.578836
2734.460894 428.388017 11.409591
2736.140002 424.060268 13.599548
2737.819110 417.500947 17.965973
2739.498218 407.785795 16.624452
2741.177326 398.716106 16.535488
2742.856434 394.495504 15.933501
2744.535542 396.906449 17.011722
2746.214650 401.889002 19.192846
2747.893758 403.232350 16.269996
2749.572866 417.696059 14.011641
2751.251974 424.099348 15.290823
2752.931082 426.974035 12.851970
2754.610190 424.514853 8.253470
2756.289298 421.664158 8.679135
2757.968406 413.260071 6.534967
2759.647514 410.221490 6.802552
2761.326622 405.985847 11.663880
2763.005730 401.426870 14.754858
2764.684838 397.537758 9.637837
2766.363946 390.540346 11.422441
2768.043054 391.160848 13.070640
2769.722162 388.215855 12.679949
2771.401270 389.248489 16.209981
2773.080378 389.884475 19.798063
2774.759486 388.220715 19.144304
2776.438594 388.671517 21.724312
2778.117702 396.202659 26.190585
2779.796810 401.609651 27.739822
2781.475918 393.038233 29.600638
2783.155026 393.471571 22.685941
2784.834134 394.010940 20.165636
2786.513242 397.067278 21.884112
2788.192350 400.213564 26.052822
2789.871458 399.227427 21.386605
2791.550566 395.703307 13.677824
2793.229674 400.967260 14.522677
2794.908782 407.715653 17.737947
2796.587890 409.238417 16.675803
2798.266998 399.902038 14.719205
2799.946106 394.829945 15.928637
2801.625214 388.417441 15.736407
2803.304322 384.733847 13.803128
2804.983430 377.108920 14.648460
2806.662538 378.733468 13.315221
2808.341646 379.687289 19.225877
2810.020754 387.965792 19.273401
2811.699862 393.678167 18.337599
2813.378970 399.758298 17.361068
2815.058078 402.143936 20.614808
2816.737186 406.428216 22.855328
2818.416294 401.366315 23.298272
2820.095402 394.959913 24.988165
2821.774510 392.402582 27.822965
2823.453618 389.665518 27.007154
2825.132726 380.976031 22.907398
2826.811834 370.557011 19.644894
2828.490942 370.681181 20.069530
2830.170050 374.678160 21.426033
2831.849158 384.514811 21.140102
2833.528266 385.415318 20.113080
2835.207374 381.330577 20.039229
2836.886482 379.371936 19.644665
2838.565590 378.890281 19.584039
2840.244698 374.198801 17.463611
2841.923806 373.777608 16.991322
2843.602914 375.194886 18.264343
2845.282022 375.755169 18.859946
2846.961130 374.494745 22.117517
2848.640238 380.622447 22.053289
2850.319346 378.498827 26.104915
2851.998454 377.455578 24.907797
2853.677562 379.591393 21.760795
2855.356670 378.317184 17.024829
2857.035778 373.847542 13.614329
2858.714886 371.908571 12.162745
2860.393994 369.825022 13.088260
2862.073102 369.468066 14.353813
2863.752210 379.635219 15.656676
2865.431318 383.455436 18.035750
2867.110426 387.250785 17.838900
2868.789534 390.043384 15.992124
2870.468642 381.544527 17.290704
2872.147750 377.809639 16.623433
2873.826858 377.682942 18.778603
2875.505966 383.993642 18.359084
2877.185074 381.691961 19.670369
2878.864182 375.685900 18.254405
2880.543290 373.194789 16.700199
2882.222398 366.214617 19.224065
2883.901506 359.608836 14.232309
2885.580614 354.011307 11.994156
2887.259722 360.796504 13.601426
2888.938830 364.371544 11.537705
2890.617938 366.655364 10.558978
2892.297046 364.616667 9.727371
2893.976154 360.451665 11.077273
2895.655262 362.260526 5.262611
2897.334370 365.195970 8.501631
2899.013478 359.699885 6.835603
2900.692586 362.916401 8.086491
2902.371694 363.355579 11.609118
2904.050802 361.654412 12.992126
2905.729910 358.973622 13.192508
2907.409018 353.208838 13.422934
2909.088126 352.271229 18.002805
2910.767234 353.294047 18.018789
2912.446342 358.810770 15.426388
2914.125450 350.697789 12.673467
2915.804558 351.369419 11.187835
2917.483666 354.831919 12.355514
2919.162774 359.654803 12.073751
2920.841882 365.663967 13.362242
2922.520990 359.547680 11.470375
2924.200098 361.215555 14.990405
2925.879206 358.251974 14.169376
2927.558314 357.067226 12.359938
2929.237422 349.779884 13.479285
2930.916530 347.863019 17.394850
2932.595638 351.317963 17.831277
2934.274746 349.346638 20.558113
2935.953854 344.054868 21.898872
2937.632962 336.911650 21.230810
2939.312070 337.349539 21.445753
2940.991178 333.767916 13.722384
2942.670286 338.658786 11.106894
2944.349394 341.097741 8.974559
2946.028502 346.493383 11.658989
2947.707610 357.221997 13.725808
2949.386718 355.393038 14.545756
2951.065826 354.714945 13.852577
2952.744934 350.836226 13.286878
2954.424042 350.125327 11.263339
2956.103150 342.755174 10.063655
2957.782258 336.123595 10.617879
2959.461366 329.419588 13.592460
2961.140474 329.082378 17.966420
2962.819582 334.413260 18.747642
2964.498690 336.257711 14.755357
2966.177798 338.602548 12.287343
2967.856906 345.326197 8.159873
2969.536014 350.423096 9.345873
2971.215122 349.067818 13.913182
2972.894230 344.091010 14.742854
2974.573338 345.603241 21.221052
2976.252446 340.637442 25.251578
2977.931554 336.374137 26.110286
2979.610662 333.614551 20.712844
2981.289770 333.389560 18.683130
2982.968878 338.442437 15.966260
2984.647986 336.834147 15.578307
2986.327094 332.007247 12.917419
2988.006202 334.528971 13.466388
2989.685310 337.402097 14.653955
2991.364418 340.503260 19.582534
2993.043526 346.840325 21.465590
2994.722634 348.597117 21.432777
2996.401742 355.390121 23.400507
2998.080850 356.384561 25.209570
2999.759958 346.112442 23.702020
3001.439066 340.226496 21.151510
3003.118174 337.588802 20.931640
3004.797282 333.555425 20.804484
3006.476390 339.668440 20.557962
3008.155498 338.015849 19.246728
3009.834606 335.762674 19.454115
3011.513714 341.520206 17.845327
3013.192822 339.043057 19.691519
3014.871930 337.244719 19.159720
3016.551038 331.315625 19.164171
3018.230146 328.813968 20.996954
3019.909254 331.276264 21.209298
3021.588362 337.186828 18.392091
3023.267470 332.213185 19.327983
3024.946578 326.937809 16.789065
3026.625686 327.709116 15.035660
3028.304794 327.545957 17.333139
3029.983902 318.904251 17.086613
3031.663010 312.059748 19.080915
3033.342118 320.913996 17.351938
3035.021226 324.615150 17.012217
3036.700334 327.706598 15.025555
3038.379442 321.790029 17.184795
3040.058550 321.740560 17.633005
3041.737658 319.322901 15.298985
3043.416766 329.585477 9.882554
3045.095874 329.616094 9.536580
3046.774982 332.546782 10.153273
3048.454090 337.278108 9.624907
3050.133198 336.043712 9.359835
3051.812306 329.432098 7.806379
3053.491414 326.626766 9.843776
3055.170522 319.843124 13.400872
3056.849630 323.290791 11.284102
3058.528738 322.835713 17.062436
3060.207846 319.398890 17.887743
3061.886954 314.313485 14.713191
3063.566062 309.987641 11.002170
3065.245170 307.210690 9.692709
3066.924278 314.393271 14.076517
3068.603386 318.355524 17.008116
3070.282494 321.500445 20.155463
3071.961602 322.711698 17.751078
3073.640710 319.006963 16.718780
3075.319818 315.435264 16.059351
3076.998926 309.444320 16.708723
3078.678034 309.803854 20.309952
3080.357142 310.678746 18.407155
3082.036250 313.011672 15.852274
3083.715358 315.137652 12.383224
3085.394466 314.537921 14.370126
3087.073574 317.052537 15.704164
3088.752682 323.050766 16.308095
3090.431790 322.378299 17.764310
3092.110898 318.101550 20.098723
3093.790006 306.852504 20.036869
3095.469114 305.527618 18.085752
3097.148222 306.847901 19.506048
3098.827330 307.993470 19.714079
3100.506438 307.823765 19.761149
3102.185546 312.914572 15.330803
3103.864654 303.984735 17.376433
3105.543762 294.962239 18.765535
3107.222870 284.511902 20.193416
3108.901978 286.101926 20.509973
3110.581086 288.715233 20.068610
3112.260194 291.616320 18.761075
3113.939302 295.720725 18.449325
3115.618410 302.239825 14.116151
3117.297518 300.270777 15.546248
3118.976626 305.799718 14.380605
3120.655734 301.307078 10.586884
3122.334842 299.665467 13.799447
3124.013950 300.926231 15.194961
3125.693058 298.687314 16.188593
3127.372166 301.594767 14.155833
3129.051274 300.882785 8.513867
3130.730382 301.515333 12.043294
3132.409490 303.083987 19.979301
3134.088598 297.528179 20.090729
3135.767706 294.340838 19.265970
3137.446814 293.733990 22.098469
3139.125922 298.964840 25.937368
3140.805030 301.832748 20.152430
3142.484138 307.851694 13.120112
3144.163246 309.529022 11.644144
3145.842354 304.932606 12.981751
3147.521462 299.526647 12.980461
3149.200570 298.148312 11.794419
3150.879678 288.062315 14.008910
3152.558786 285.100529 14.396989
3154.237894 285.572956 12.070621
3155.917002 290.971740 12.503305
3157.596110 284.662355 10.019210
3159.275218 282.227970 7.437828
3160.954326 284.998749 9.436221
3162.633434 285.770063 13.423248
3164.312542 281.054491 17.361763
3165.991650 283.520035 15.295885
3167.670758 285.209702 14.572431
3169.349866 282.410484 14.780599
3171.028974 280.221425 8.935556
3172.708082 283.712098 11.029169
3174.387190 286.160036 12.098541
3176.066298 283.443138 14.722294
3177.745406 277.646751 18.609116
3179.424514 274.971461 20.082122
3181.103622 272.632329 19.035796
3182.782730 273.608316 20.706972
3184.461838 275.010710 16.710483
3186.140946 275.771651 13.013125
3187.820054 283.754157 12.747622
3189.499162 283.836410 13.689167
3191.178270 276.382190 12.991832
3192.857378 267.001883 9.235475
3194.536486 274.224330 7.343476
3196.215594 275.513832 6.990072
3197.894702 268.505186 8.425300
3199.573810 266.358063 10.441432
3201.252918 273.322526 13.043922
3202.932026 283.018309 11.982402
3204.611134 281.548267 6.101541
3206.290242 276.746937 6.820829
3207.969350 283.352599 8.728630
3209.648458 285.197933 4.387004
3211.327566 282.681599 3.030013
3213.006674 274.401887 3.375323
3214.685782 275.783527 2.473391
3216.364890 277.205244 7.130480
3218.043998 263.779459 10.421143
3219.723106 253.173810 9.830362
3221.402214 256.842157 4.380132
3223.081322 266.617657 5.929448
3224.760430 269.952118 7.587876
3226.439538 271.295322 16.499672
3228.118646 281.340219 18.974324
3229.797754 277.263168 18.594364
3231.476862 265.989445 17.906986
3233.155970 261.006748 13.532693
3234.835078 259.425392 10.719508
3236.514186 251.352117 9.643805
3238.193294 240.779157 8.320894
3239.872402 242.574327 9.517567
3241.551510 250.245888 10.348531
3243.230618 252.193762 15.336954
3244.909726 257.211386 17.208913
3246.588834 268.717881 19.940193
3248.267942 272.950149 20.271237
3249.947050 272.569468 19.491874
3251.626158 271.670085 17.040749
3253.305266 280.842515 13.025422
3254.984374 272.140695 9.128537
3256.663482 264.649098 13.107639
3258.342590 260.818005 16.891149
3260.021698 253.596763 16.489560
3261.700806 247.830303 15.484593
3263.379914 250.844291 15.633656
3265.059022 259.050438 13.605622
3266.738130 260.864951 12.652236
3268.417238 253.114871 9.535378
3270.096346 268.603953 11.563815
3271.775454 276.676672 9.953477
3273.454562 274.189434 13.653930
3275.133670 264.249201 12.922758
3276.812778 263.626709 11.815986
3278.491886 261.201297 17.930730
3280.170994 258.269983 19.415842
3281.850102 260.349360 18.167254
3283.529210 273.786781 13.093635
3285.208318 274.963063 10.746611
3286.887426 264.389194 10.498232
3288.566534 250.761957 10.445713
3290.245642 249.940254 10.098437
3291.924750 249.614110 16.807873
3293.603858 250.536671 16.329071
3295.282966 249.526532 15.425289
3296.962074 242.454045 10.469308
3298.641182 241.705013 10.861362
3300.320290 229.268889 11.211579
3301.999398 240.036139 8.605759
3303.678506 245.742173 11.715483
3305.357614 253.036414 15.910931
3307.036722 262.504344 19.052337
3308.715830 259.307592 19.573096
3310.394938 260.306774 17.107267
3312.074046 252.992786 14.587860
3313.753154 247.360671 8.690728
3315.432262 253.382888 6.175204
3317.111370 248.140182 7.533288
3318.790478 246.709032 11.512630
3320.469586 255.457803 13.401662
3322.148694 260.416723 15.144322
3323.827802 262.233943 15.688084
3325.506910 254.424021 15.607870
3327.186018 250.078623 16.251491
3328.865126 245.321133 14.589306
3330.544234 229.627105 15.685067
3332.223342 236.235372 15.531461
3333.902450 244.375072 13.611960
3335.581558 248.483823 12.425521
3337.260666 250.635934 13.488859
3338.939774 247.984559 11.897602
3340.618882 241.926195 11.234944
3342.297990 236.974359 13.074101
3343.977098 231.900940 19.479754
3345.656206 230.573347 18.792664
3347.335314 227.373401 16.234892
3349.014422 226.612509 13.677727
3350.693530 229.309253 9.850245
3352.372638 220.891062 8.929233
3354.051746 221.807890 6.896543
3355.730854 224.429697 12.361696
3357.409962 218.580825 15.602692
3359.089070 224.276390 17.913094
3360.768178 227.376632 18.286266
3362.447286 229.696492 16.824761
3364.126394 229.498631 12.512822
3365.805502 223.963484 9.378169
3367.484610 227.926528 6.129962
3369.163718 226.278120 6.262397
3370.842826 224.486618 7.815364
3372.521934 224.908020 11.293189
3374.201042 212.896024 13.028541
3375.880150 206.544180 13.061222
3377.559258 210.274608 13.872977
3379.238366 223.390566 11.743400
3380.917474 237.831937 6.400459
3382.596582 242.585834 5.712006
3384.275690 250.197810 4.226220
3385.954798 241.543093 6.801222
3387.633906 236.217062 11.073093
3389.313014 231.771867 13.015481
3390.992122 234.391152 13.054556
3392.671230 236.222471 10.685323
3394.350338 224.595242 14.911350
3396.029446 214.026622 17.646583
3397.708554 210.686367 17.428330
3399.387662 211.876443 17.509400
3401.066770 217.515353 13.647281
3402.745878 217.261706 9.987022
3404.424986 224.491203 5.362592
3406.104094 225.997432 7.433275
3407.783202 225.115920 9.282457
3409.462310 226.315526 10.195072
3411.141418 231.163348 10.700288
3412.820526 230.868214 7.605593
3414.499634 219.874033 9.911254
3416.178742 227.901140 8.966963
3417.857850 226.314532 8.107904
3419.536958 225.743646 8.237536
3421.216066 220.599856 9.767452
3422.895174 223.664704 10.568108
3424.574282 222.504572 11.647555
3426.253390 226.048278 14.397538
3427.932498 228.826887 17.599130
3429.611606 227.891178 13.965480
3431.290714 223.493407 14.222628
