-118.077073	67.971978
-115.407473	68.397802
-112.740808	68.225375
-110.074895	67.617982
-107.411914	66.738911
-104.747504	65.751449
-102.086024	64.818881
-99.423114	66.234266
-96.765312	65.213287
-94.106079	64.174825
-91.447596	62.148252
-88.792036	66.140559
-86.135048	62.263636
-83.483157	65.908392
-80.829837	64.498601
-78.179437	64.019580
-75.527607	62.048951
-72.880868	63.647552
-70.232699	62.139161
-67.585274	65.186014
-64.940762	64.875524
-62.294822	64.409790
-59.653963	65.079021
-57.011675	66.247552
-54.372295	65.316783
-51.731487	69.530070
-49.091419	70.820280
-46.456423	71.847552
-43.819999	72.028671
-41.186477	73.264336
-38.551527	72.796503
-35.921642	77.888112
-33.288165	77.018182
-30.659750	78.484615
-28.032069	77.783217
-25.402959	74.159441
-22.778906	47.866434
-20.151264	-38.937063
-17.528675	-194.390210
-14.906818	-285.440559
-12.285691	402.847552
-9.665294	1520.403497
-7.047786	2446.862238
-4.428848	3094.965035
-1.812797	3450.000000
0.802526	3518.884615
3.417122	3299.979021
6.028835	2797.583217
8.641977	2027.949650
11.250085	1061.251748
13.861775	101.416783
16.468434	-470.927273
19.076521	-246.250350
21.683884	46.857343
24.286222	83.865035
26.892138	90.062238
29.493032	90.416084
32.095354	92.811888
34.692659	93.318182
37.293539	92.414685
39.889405	92.346154
42.486698	92.261538
45.083272	91.169930
47.674837	91.450350
50.267830	93.516084
52.857962	95.316783
55.449522	94.625175
58.038222	102.658042
60.628349	103.925175
63.213478	106.631469
65.800033	109.184615
68.385875	111.958741
70.968863	114.526573
73.553277	116.835664
76.130563	116.369930
78.711415	117.758741
81.289418	124.495105
83.866711	129.760839
86.445430	132.488112
89.019168	138.999301
91.594332	141.030070
94.166653	142.646853
96.738266	145.838462
99.307039	147.885315
101.877239	155.171329
104.444601	163.451748
107.013388	174.962937
109.579339	191.902797
112.142455	221.375524
114.709127	261.900699
117.266578	319.024476
119.829714	423.001399
122.387891	606.468531
124.949621	944.818881
127.506395	1524.245455
130.064596	2470.090909
132.617844	3805.779720
135.170393	5552.133566
137.726493	7608.731469
140.277646	9839.062937
142.828100	12098.155245
145.377857	14196.383217
147.924796	15947.593007
150.471038	17315.450350
153.018706	18215.637063
155.565678	18737.781818
158.107715	18953.277622
160.649058	19015.981818
163.189708	18982.307692
165.731784	18940.646853
168.271048	18921.390210
170.807504	18917.262937
173.343268	18929.776923
175.880458	18931.358042
178.416957	18922.839860
180.950650	18922.183916
183.481540	18897.496503
186.011741	18882.505594
188.543367	18857.451049
191.072192	18835.294406
193.598218	18815.100000
196.123558	18791.464336
198.650324	18770.928671
201.174292	18733.402098
203.697576	18674.803497
206.220175	18627.993706
208.739981	18590.653147
211.259104	18545.402098
213.777544	18525.826573
216.297408	18520.362238
218.810271	18507.474825
221.326665	18512.174126
223.842377	18534.617483
226.353199	18548.588112
228.865447	18560.063636
231.374911	18566.072028
233.883697	18552.274126
236.391805	18555.730769
238.901336	18574.430070
241.405987	18581.337762
243.909962	18601.427273
246.415362	18633.102098
248.915886	18632.244056
251.419933	18641.725874
253.917010	18645.791608
256.417609	18626.655245
258.915437	18585.191608
261.412592	18514.314685
263.909074	18440.353846
266.400693	18375.306993
268.895832	18315.986014
271.388205	18245.438462
273.879907	18174.581119
276.368845	18123.925874
278.859208	18058.100699
281.346808	18019.860839
283.831649	17978.113986
286.320005	17923.947552
288.801421	17882.960839
291.286351	17870.852448
293.766436	17864.210490
296.250033	17866.352448
298.728787	17857.051049
301.208965	17850.022378
303.686390	17793.421678
306.163152	17756.019580
308.639251	17697.448252
311.112601	17667.409091
313.585289	17618.859441
316.057316	17593.396503
318.528682	17579.083916
320.997304	17582.509091
323.465266	17590.009091
325.934650	17578.948252
328.399212	17574.534965
330.867278	17579.863636
333.330524	17564.237762
335.793112	17561.048252
338.255044	17545.788811
340.716319	17550.197203
343.174860	17542.393007
345.634823	17529.055245
348.092053	17495.216084
350.548629	17463.869231
353.004551	17422.825874
355.457744	17369.132867
357.912358	17321.415385
360.362171	17271.896503
362.815480	17237.440559
365.263991	17185.295804
367.711851	17145.511888
370.161132	17118.337762
372.605620	17083.647552
375.051530	17077.513287
377.496791	17050.453846
379.939332	17045.080420
382.381226	17033.082517
384.822473	17028.700000
387.261004	17013.118182
389.700957	16995.252448
392.138196	16978.881119
394.572723	16933.313986
397.010738	16918.549650
399.443976	16891.889510
401.878636	16857.970629
404.308522	16860.180420
406.741894	16835.929371
409.170496	16828.590210
411.598457	16821.942657
414.027838	16815.300699
416.452454	16823.319580
418.878492	16835.420979
421.303889	16837.625874
423.728646	16847.770629
426.148645	16881.116084
428.570065	16897.241259
430.988788	16924.438462
433.408932	16964.606993
435.826381	16977.018881
438.245250	16990.374126
440.661426	17002.203497
443.072855	17015.502098
445.487760	17014.853147
447.899975	17019.852448
450.311556	16992.853147
452.722503	16964.434266
455.130764	16931.605594
457.538392	16899.260839
459.945389	16875.651748
462.351753	16846.176923
464.755435	16813.642657
467.158487	16799.888112
469.560909	16783.506294
471.962701	16799.684615
474.361816	16785.041958
476.762350	16771.325874
479.162255	16737.964336
481.557437	16720.839860
483.956086	16689.448951
486.350015	16653.553147
488.743318	16625.376923
491.135995	16576.954545
493.528047	16527.039161
495.921517	16486.952448
498.310276	16455.032168
500.696368	16433.818881
503.083879	16388.354545
505.470768	16368.195804
507.854993	16366.633566
510.240637	16385.304895
512.623618	16368.594406
515.003939	16367.707692
517.385679	16360.383916
519.764760	16343.179720
522.145260	16333.532867
524.523102	16325.403497
526.898289	16310.557343
529.272858	16288.558741
531.648846	16270.880420
534.022180	16275.302098
536.396932	16269.448252
538.766999	16259.167133
541.136450	16238.927972
543.507319	16222.453147
545.873508	16191.669930
548.241115	16176.848951
550.606076	16179.065734
552.970424	16164.163636
555.334160	16162.102098
557.699312	16150.448252
560.059793	16146.194406
562.421692	16154.243357
564.780950	16147.175524
567.137571	16149.154545
569.497636	16142.805594
571.851011	16111.234965
574.207830	16072.617483
576.562013	16062.323776
578.915589	16032.329371
581.268556	15986.783217
583.618892	15949.202098
585.970644	15902.292308
588.315720	15868.248252
590.666260	15847.575524
593.010126	15810.902098
595.359454	15774.162238
597.704134	15739.318881
600.046188	15700.869930
602.389660	15682.960140
604.730509	15677.318182
607.070756	15640.920979
609.408382	15589.509091
611.749443	15540.502797
614.085866	15507.909790
616.423706	15482.611888
618.758929	15453.734266
621.091536	15422.883217
623.425559	15381.061538
625.756969	15370.816084
628.087780	15357.310490
630.417993	15363.331469
632.747608	15359.986014
635.072601	15359.469231
637.403035	15331.600000
639.728847	15328.373427
642.052053	15314.404895
644.376674	15313.288811
646.698690	15300.020979
649.020113	15279.939860
651.338932	15253.796503
653.659167	15229.874126
655.978809	15211.594406
658.295850	15201.717483
660.612299	15198.448951
662.926150	15214.421678
665.241417	15205.704196
667.554087	15207.574825
669.868172	15193.706294
672.177657	15213.495804
674.488558	15202.258741
676.796866	15175.734266
679.104586	15155.030769
681.413721	15114.508392
683.718263	15103.889510
686.022218	15058.220979
688.325588	15027.915385
690.630372	15004.312587
692.930570	14959.218881
695.232182	14930.384615
697.533210	14899.362937
699.829655	14876.966434
702.127516	14845.705594
704.424793	14826.846853
706.721487	14828.375524
709.013605	14826.132867
711.309134	14838.880420
713.600090	14816.236364
715.892460	14827.535664
718.182254	14842.442657
720.471468	14842.040559
722.760103	14858.230070
725.046166	14862.644056
727.333642	14850.097203
729.618547	14840.868531
731.902875	14833.850350
734.184634	14814.513986
736.467807	14798.067832
738.750403	14776.424476
741.028444	14755.081119
743.307898	14769.527273
745.586777	14768.046154
747.865080	14776.487413
750.138834	14804.889510
752.414002	14804.744056
754.688596	14789.034266
756.960630	14771.545455
759.234078	14746.019580
761.504968	14714.479021
763.773302	14689.476923
766.043049	14660.744755
768.310242	14642.571329
770.576864	14632.623077
772.842916	14602.682517
775.106417	14589.906993
777.371331	14572.665734
779.635675	14564.970629
781.895490	14547.380420
784.156717	14543.681818
786.417377	14539.166434
788.675491	14550.016783
790.931060	14552.879720
793.190020	14543.960839
795.442481	14526.402797
797.700309	14510.517483
799.953617	14479.519580
802.204386	14432.670629
804.456567	14407.950350
806.706210	14398.620280
808.957264	14358.567133
811.203807	14345.477622
813.451762	14345.417483
815.697183	14359.725874
817.944015	14357.941958
820.190286	14340.155245
822.432053	14335.640559
824.677202	14329.358741
826.915879	14311.893706
829.157938	14278.014685
831.395499	14272.520280
833.634472	14258.025175
835.870918	14219.407692
838.108775	14196.609091
840.344107	14185.328671
842.576916	14190.090210
844.811136	14178.481818
847.042834	14171.546154
849.273976	14181.918881
851.504565	14176.555245
853.734598	14175.085315
855.964078	14171.869231
858.189076	14192.190909
860.417449	14191.348951
862.641343	14174.402098
864.866647	14156.918881
867.087476	14160.962937
869.311677	14176.455944
871.531405	14172.586713
873.752544	14170.083217
875.973132	14172.179720
878.191210	14170.576224
880.410698	14176.495105
882.625720	14161.951748
884.840195	14157.186713
887.054121	14124.717483
889.267501	14093.362937
891.480333	14066.596503
893.692619	14050.355944
895.902402	14013.949650
898.111640	13977.613986
900.320333	13957.019580
902.526527	13932.580420
904.734130	13916.819580
906.939235	13903.074126
909.143797	13876.332867
911.345864	13860.870629
913.549340	13845.338462
915.750322	13830.037063
917.950763	13813.769231
920.152611	13788.552448
922.348069	13771.130769
924.546886	13764.023776
926.741264	13765.179021
928.939000	13758.121678
931.132300	13751.604895
933.327009	13762.942657
935.519232	13771.691608
937.710917	13772.912587
939.902064	13776.781119
942.090728	13782.527273
944.278855	13778.233566
946.464502	13791.532867
948.653501	13821.149650
950.838077	13826.713986
953.022118	13849.218881
955.209509	13867.518182
957.388596	13880.034266
959.571034	13919.047552
961.752938	13934.621678
963.932368	13943.868531
966.109324	13955.006993
968.287689	13963.069231
970.467461	13943.913986
972.640884	13939.804895
974.817653	13954.996503
976.990015	13937.146853
979.163785	13947.629371
981.333151	13933.283217
983.505861	13932.551049
985.676106	13934.297203
987.845822	13915.489510
990.015009	13914.766434
992.179799	13905.393007
994.347930	13904.194406
996.511667	13896.764336
998.676810	13910.135664
1000.839495	13940.632168
1003.001653	13946.226573
1005.161355	13966.249650
1007.320533	13944.572028
1009.481117	13924.869231
1011.639246	13876.215385
1013.796851	13822.466434
1015.953933	13767.127972
1018.110492	13713.958042
1020.262671	13682.848951
1022.416256	13655.578322
1024.569320	13649.753846
1026.719936	13650.681119
1028.871957	13667.204895
1031.019605	13684.665035
1033.170585	13684.026573
1035.317194	13675.612587
1037.463285	13676.981119
1039.608856	13667.114685
1041.755833	13637.693007
1043.896521	13639.605594
1046.040539	13626.227273
1048.182116	13627.101399
1050.323177	13633.956643
1052.465642	13629.759441
1054.601828	13653.560140
1056.741340	13649.153846
1058.876496	13641.219580
1061.014977	13634.749650
1063.149104	13632.653846
1065.282718	13618.560140
1067.417737	13611.872727
1069.548406	13631.978322
1071.680480	13634.153147
1073.810125	13657.374126
1075.939258	13669.548951
1078.067879	13683.096503
1080.195989	13712.041259
1082.321673	13718.620979
1084.446847	13725.741958
1086.573425	13726.322378
1088.695666	13714.896503
1090.819310	13714.240559
1092.938621	13715.365035
1095.063160	13711.294406
1097.181454	13712.585315
1099.301153	13703.853147
1101.418433	13689.551748
1103.535207	13690.543357
1105.651474	13700.744755
1107.765326	13703.289510
1109.880581	13699.153846
1111.991513	13675.331469
1114.105758	13657.764336
1116.215682	13648.771329
1118.327010	13646.065035
1120.437833	13616.279720
1122.544340	13603.087413
1124.654157	13558.373427
1126.759659	13541.649650
1128.866564	13537.693706
1130.967254	13520.827972
1133.073156	13492.954545
1135.174749	13461.969930
1137.277745	13409.116084
1139.380240	13371.531469
1141.476528	13335.756643
1143.578024	13300.068531
1145.675216	13247.614685
1147.771911	13215.348951
1149.868107	13169.768531
1151.963806	13167.521678
1154.059006	13171.682517
1156.151811	13156.569231
1158.246017	13151.495105
1160.334032	13137.531469
1162.427245	13121.885315
1164.514270	13112.426573
1166.604594	13090.061538
1168.690631	13087.077622
1170.779965	13074.379021
1172.863118	13059.015385
1174.947673	13049.377622
1177.033630	13053.093007
1179.115305	13068.765734
1181.198382	13062.227972
1183.279073	13066.716783
1185.359272	13072.254545
1187.438980	13077.107692
1189.518197	13093.504196
1191.595032	13098.955245
1193.669486	13118.153846
1195.747231	13136.299301
1197.820707	13136.917483
1199.895583	13149.303497
1201.966192	13158.430769
1204.038203	13185.846853
1206.107837	13172.228671
1208.178872	13189.225874
1210.249419	13199.362937
1212.315705	13201.465035
1214.383392	13215.222378
1216.448707	13236.574126
1218.515422	13271.420280
1220.577881	13293.230769
1222.643625	13294.711888
1224.705116	13311.130070
1226.768006	13331.155944
1228.828529	13344.330769
1230.888568	13335.725874
1232.948125	13346.367133
1235.005316	13351.315385
1237.062026	13340.367133
1239.116373	13340.372727
1241.174000	13367.809790
1243.229265	13392.930769
1245.280289	13403.487413
1247.332713	13416.129371
1249.384657	13435.679720
1251.434243	13464.730070
1253.483350	13479.695105
1255.531979	13478.139161
1257.580129	13486.280420
1259.627800	13484.618182
1261.671242	13472.852448
1263.717958	13467.470629
1265.762321	13498.414685
1267.806208	13522.976224
1269.847743	13536.276923
1271.886929	13557.027972
1273.929388	13582.925874
1275.967624	13619.732168
1278.007259	13653.884615
1280.046419	13680.677622
1282.081360	13729.688112
1284.117700	13770.576923
1286.151696	13825.625175
1288.187090	13898.525175
1290.218270	14004.279021
1292.250848	14089.397203
1294.282955	14178.239161
1296.312721	14300.633566
1298.343885	14418.573427
1300.370841	14577.117483
1302.399195	14761.286713
1304.423345	14986.957343
1306.450759	15241.451049
1308.473971	15498.080420
1310.498581	15662.746853
1312.520857	15618.195804
1314.544530	17543.967133
1316.565870	21810.360839
1318.586742	27782.379720
1320.607147	34808.469231
1322.623359	42243.841259
1324.640968	49507.243357
1326.656249	56147.839860
1328.674789	63556.048252
1330.689140	67670.487413
1332.701165	67565.530070
1334.716447	63346.296503
1336.727544	56180.123776
1338.740038	48714.348951
1340.748349	40965.180420
1342.759916	33088.122378
1344.765443	25703.768531
1346.774226	19471.068531
1348.778831	15057.823077
1350.786690	13158.125874
1352.794087	14147.482517
1354.795453	14098.668531
1356.798216	13895.867133
1358.800518	13682.085315
1360.802361	13487.680420
1362.803744	13347.476923
1364.802814	13219.845455
1366.801425	13122.958741
1368.799578	13037.460140
1370.797272	12959.434266
1372.790804	12873.952448
1374.785732	12807.167133
1376.780202	12736.388112
1378.774217	12675.964336
1380.765923	12627.772028
1382.757175	12599.740559
1384.746121	12562.952448
1386.736462	12556.743357
1388.726348	12532.125874
1390.713931	12516.820979
1392.701059	12503.783217
1394.685886	12506.897902
1396.672108	12497.623776
1398.656030	12506.533566
1400.639499	12497.621678
1402.622515	12502.525175
1404.603234	12501.820979
1406.585347	12520.463636
1408.565164	12529.023776
1410.544529	12554.827273
1412.519756	12559.305594
1414.498222	12587.908392
1416.474393	12609.342657
1418.450116	12654.979021
1420.425389	12667.578322
1422.398371	12695.429371
1424.370905	12716.745455
1426.342992	12746.306993
1428.314630	12774.025175
1430.282140	12818.374825
1432.254724	12829.875524
1434.219503	12836.333566
1436.189353	12828.766434
1438.155080	12834.870629
1440.122199	12826.574126
1442.087035	12819.934266
1444.047751	12788.514685
1446.013536	12770.539860
1447.973365	12755.938462
1449.934587	12735.715385
1451.897202	12721.921678
1453.855702	12715.655944
1455.813759	12688.297203
1457.771375	12648.692308
1459.728549	12620.248951
1461.683447	12606.050350
1463.639737	12588.550350
1465.593753	12555.867832
1467.547329	12525.150350
1469.498632	12503.241259
1471.451327	12477.835664
1473.401751	12443.381119
1475.351735	12415.044755
1477.301281	12413.309091
1479.248558	12394.320979
1481.193568	12386.148252
1483.139969	12387.680420
1485.085933	12392.709790
1487.031460	12386.427972
1488.974722	12372.776224
1490.917547	12369.323776
1492.858109	12359.121678
1494.800062	12346.686014
1496.739753	12353.174126
1498.679010	12361.617483
1500.617831	12375.948951
1502.554393	12378.800699
1504.492346	12398.806993
1506.428040	12403.033566
1508.363301	12409.862937
1510.296306	12411.616783
1512.228878	12409.866434
1514.161018	12405.060839
1516.092726	12402.841259
1518.022180	12420.853147
1519.953025	12434.025175
1521.883438	12444.828671
1523.809779	12447.130769
1525.737511	12445.324476
1527.662992	12446.435664
1529.588044	12431.013287
1531.512667	12412.349650
1533.436861	12403.045455
1535.358807	12394.122378
1537.282144	12378.267133
1539.203235	12384.775524
1541.122081	12402.453147
1543.042316	12395.287413
1544.960309	12384.294406
1546.877875	12368.861538
1548.793199	12367.243357
1550.709913	12342.654545
1552.622572	12300.297203
1554.538435	12265.132867
1556.452058	12229.299301
1558.363444	12190.300699
1560.276218	12166.727273
1562.184943	12153.639161
1564.095058	12140.978322
1566.004748	12121.623776
1567.914016	12101.680420
1569.821050	12084.441259
1571.725851	12082.793706
1573.632041	12049.779720
1575.535999	12018.835664
1577.439537	12009.567133
1579.342653	11982.488811
1581.243540	11972.256643
1583.145816	11965.069930
1585.045864	11940.790210
1586.947299	11925.762937
1588.844701	11918.430070
1590.741684	11906.288112
1592.638249	11877.114685
1594.536202	11855.265734
1596.428320	11815.610490
1598.323631	11799.395105
1600.218525	11770.125874
1602.111197	11738.014685
1604.003453	11712.267832
1605.893488	11689.535664
1607.783109	11659.513986
1609.672313	11653.018182
1611.561103	11657.961538
1613.447675	11678.752448
1615.335635	11678.312587
1617.219578	11673.063636
1619.104909	11663.231469
1620.989825	11661.930769
1622.872528	11624.695804
1624.756618	11614.690909
1626.636697	11589.553846
1628.518162	11570.273427
1630.397417	11543.945455
1632.278058	11540.943357
1634.152895	11541.598601
1636.032714	11546.916084
1637.908527	11536.400000
1639.783930	11537.876923
1641.660719	11537.656643
1643.531712	11531.872028
1645.405886	11539.077622
1647.276062	11556.032867
1649.149418	11541.367133
1651.020571	11531.988811
1652.889522	11522.363636
1654.759859	11510.433566
1656.626202	11475.826573
1658.493931	11459.355944
1660.359461	11444.967832
1662.226377	11431.372727
1664.089304	11409.255245
1665.953616	11404.748252
1667.815732	11402.588811
1669.677444	11405.320979
1671.540540	11392.009091
1673.401442	11391.825175
1675.260150	11387.669930
1677.118455	11383.525175
1678.978145	11355.857343
1680.832068	11349.920979
1682.689163	11343.040559
1684.545856	11310.745455
1686.398573	11287.888112
1688.254460	11264.137762
1690.106374	11247.304196
1691.957887	11268.545455
1693.808999	11255.830769
1695.659711	11256.825175
1697.510022	11261.059441
1699.358148	11273.036364
1701.207659	11262.958741
1703.051421	11249.955245
1704.900132	11252.642657
1706.743098	11225.438462
1708.589229	11208.253147
1710.431399	11188.964336
1712.276733	11188.195804
1714.116327	11197.369930
1715.957305	11169.429371
1717.799666	11171.053846
1719.638071	11171.718182
1721.477859	11165.344056
1723.315472	11147.720280
1725.152689	11125.473427
1726.987733	11119.040559
1728.824160	11092.155245
1730.658415	11083.544056
1732.492275	11075.280420
1734.325742	11074.162238
1736.155262	11074.216783
1737.987941	11059.820979
1739.816676	11062.472028
1741.648568	11061.977622
1743.476519	11045.071329
1745.304077	11031.138462
1747.131243	11011.069231
1748.958018	11002.625874
1750.784402	10997.797902
1752.606848	11001.516084
1754.432450	11008.276923
1756.254117	11008.679720
1758.077166	11003.223776
1759.898053	10992.308392
1761.718552	10983.169930
1763.540432	10987.225175
1765.356612	10977.504196
1767.175944	10966.918182
1768.991349	10959.456643
1770.809904	10954.549650
1772.624534	10947.965035
1774.438778	10945.516783
1776.252634	10942.083217
1778.066104	10927.495105
1779.877421	10909.274126
1781.690119	10892.865035
1783.502430	10890.486014
1785.310824	10898.239161
1787.120598	10904.780420
1788.926458	10890.857343
1790.735463	10889.917483
1792.540555	10875.026573
1794.347028	10870.068531
1796.153117	10865.110490
1797.955296	10858.561538
1799.760618	10841.267133
1801.562032	10844.699301
1803.364826	10853.922378
1805.163714	10868.856643
1806.963983	10878.782517
1808.763870	10888.809790
1810.561616	10877.801399
1812.358980	10874.707692
1814.155965	10863.771329
1815.952569	10857.822378
1817.747034	10853.536364
1819.542878	10853.619580
1821.333068	10831.632867
1823.128153	10839.774825
1824.917587	10820.530769
1826.710157	10812.097902
1828.500592	10801.779021
1830.288893	10808.687413
1832.080329	10793.167133
1833.866119	10786.828671
1835.653289	10788.126573
1837.438327	10792.518881
1839.226499	10797.051049
1841.010785	10793.669231
1842.792942	10777.541958
1844.576477	10779.969231
1846.357884	10746.303497
1848.140670	10724.338462
1849.919575	10719.648951
1851.699860	10726.847552
1853.478018	10722.067133
1855.257555	10721.649650
1857.034967	10724.576224
1858.810255	10725.886713
1860.586922	10733.275524
1862.361465	10754.697902
1864.137387	10767.752448
1865.907688	10798.716084
1867.681117	10784.969930
1869.452426	10790.955944
1871.223365	10805.386014
1872.995680	10816.247552
1874.762382	10819.604895
1876.532210	10811.702098
1878.298174	10817.269231
1880.067262	10806.779720
1881.832488	10811.546853
1883.597345	10817.018182
1885.363580	10824.352448
1887.125956	10827.567832
1888.887965	10832.713986
1890.649606	10826.844056
1892.410881	10813.674825
1894.171788	10819.813986
1895.932329	10809.999301
1897.690760	10806.003497
1899.448826	10798.267133
1901.204783	10783.818881
1902.962117	10773.695804
1904.719086	10773.148951
1906.473949	10778.840559
1908.226706	10763.167832
1909.979100	10769.716783
1911.732869	10744.139860
1913.484535	10738.659441
1915.234099	10751.481818
1916.985038	10767.346853
1918.735615	10784.258042
1920.482352	10793.848252
1922.230466	10806.885315
1923.976480	10814.055944
1925.723870	10833.141958
1927.469161	10850.800000
1929.212355	10869.734266
1930.956924	10888.180420
1932.699398	10889.855944
1934.441511	10900.693007
1936.183264	10922.410140
1937.924658	10954.986713
1939.663957	10962.582168
1941.402898	10967.902797
1943.141481	10963.240210
1944.877971	10969.744056
1946.614104	10982.275175
1948.351611	10993.652448
1950.085296	11008.829720
1951.820356	11021.188811
1953.553328	11024.137413
1955.285942	11037.706993
1957.018201	11056.240909
1958.750103	11068.990909
1960.479919	11075.743357
1962.207650	11095.128671
1963.936756	11100.705594
1965.665507	11115.297203
1967.392174	11115.070629
1969.118487	11119.683916
1970.846173	11118.079021
1972.568323	11129.632168
1974.293574	11131.998601
1976.015019	11148.436364
1977.739563	11143.950350
1979.462028	11151.300000
1981.180689	11165.776224
1982.902449	11188.528671
1984.620407	11206.602797
1986.339738	11225.346853
1988.055270	11242.805594
1989.775622	11266.755944
1991.492176	11268.018881
1993.204933	11281.086014
1994.920787	11281.991608
1996.634567	11297.960140
1998.347998	11305.706993
2000.059358	11328.261538
2001.772090	11343.976923
2003.481032	11368.575524
2005.193067	11401.577622
2006.899592	11421.215385
2008.609210	11422.213287
2010.316760	11420.945455
2012.023963	11431.866434
2013.729100	11435.784615
2015.433890	11437.738462
2017.140052	11455.454545
2018.842432	11462.388112
2020.546184	11477.913287
2022.247872	11475.930070
2023.949216	11477.855245
2025.650214	11472.848252
2027.349151	11461.601399
2029.049460	11446.695105
2030.745994	11441.244755
2032.443899	11456.717483
2034.139745	11467.513986
2035.838677	11483.572727
2037.532123	11510.182517
2039.226940	11515.508392
2040.921415	11536.792308
2042.612121	11527.202098
2044.305911	11513.229371
2045.995934	11497.904196
2047.687328	11493.529371
2049.376669	11474.937063
2051.067380	11448.797203
2052.754328	11450.051049
2054.440937	11439.107692
2056.128916	11417.702098
2057.813135	11405.575524
2059.498724	11374.651049
2061.183974	11356.823077
2062.867176	11326.850350
2064.551747	11300.997902
2066.230856	11294.753846
2067.914750	11284.925874
2069.593184	11271.607692
2071.274694	11278.082517
2072.952454	11298.752448
2074.629876	11301.626573
2076.308668	11314.327972
2077.985418	11335.616084
2079.660126	11351.565734
2081.336203	11362.048951
2083.010240	11367.602098
2084.683941	11369.312587
2086.357307	11377.677622
2088.028635	11354.994406
2089.699628	11341.660839
2091.370287	11315.488811
2093.040611	11296.196503
2094.710602	11293.571329
2096.378557	11298.668531
2098.046179	11304.440559
2099.711766	11333.310490
2101.378723	11365.463636
2103.043645	11409.200000
2104.708236	11453.509790
2106.370795	11501.293007
2108.034722	11544.930769
2109.696619	11577.319580
2111.358184	11598.966434
2113.019418	11616.002797
2114.678624	11630.039161
2116.337499	11621.405594
2117.996045	11621.576224
2119.654261	11619.095804
2121.308753	11610.856643
2122.966310	11620.661538
2124.623538	11608.980420
2126.277044	11609.108392
2127.931918	11617.750350
2129.583074	11602.130070
2131.237291	11600.965734
2132.887792	11580.194406
2134.539659	11580.780420
2136.186118	11574.516084
2137.837332	11591.261538
2139.484832	11588.059441
2141.133699	11612.483916
2142.780548	11631.375524
2144.427070	11632.166434
2146.073267	11648.532168
2147.715756	11653.131469
2149.361303	11645.637762
2151.003143	11645.720280
2152.648040	11644.891608
2154.289232	11645.438462
2155.930100	11638.296503
2157.570644	11652.013986
2159.209176	11631.564336
2160.849074	11626.616783
2162.485272	11613.754545
2164.122837	11613.579021
2165.760078	11615.508392
2167.395310	11605.630070
2169.030221	11606.573427
2170.664810	11596.181119
2172.299077	11608.451748
2173.929651	11613.948951
2175.563277	11620.924476
2177.193211	11635.823077
2178.824510	11630.311888
2180.453804	11643.580420
2182.082779	11638.485315
2183.711434	11636.626573
2185.339770	11619.449650
2186.966104	11602.823776
2188.592119	11581.946853
2190.216133	11563.152448
2191.841511	11553.276224
2193.464890	11540.970629
2195.089632	11536.754545
2196.710694	11542.058042
2198.331439	11531.541259
2199.953549	11531.942657
2201.573661	11523.408392
2203.191776	11528.575524
2204.809576	11533.311189
2206.427061	11553.642657
2208.044230	11562.906294
2209.661084	11589.232168
2211.277623	11587.443357
2212.892168	11609.078322
2214.504721	11611.302098
2216.118638	11623.048252
2217.730564	11629.518881
2219.343853	11653.272028
2220.955152	11673.903497
2222.564461	11698.388112
2224.175134	11722.098601
2225.783818	11752.742657
2227.392190	11767.895105
2228.998574	11788.646853
2230.606322	11782.286713
2232.212083	11798.723776
2233.817533	11785.739161
2235.420998	11806.142657
2237.025826	11833.005594
2238.628670	11849.079720
2240.229532	11865.883916
2241.831755	11902.310490
2243.431997	11933.664336
2245.033601	11983.267133
2246.631553	12004.869930
2248.230867	12053.610490
2249.828201	12067.112587
2251.425226	12100.766434
2253.023614	12097.266434
2254.618353	12119.104895
2256.211115	12140.437762
2257.805240	12132.867133
2259.400726	12127.835664
2260.992568	12135.452448
2262.584103	12144.307692
2264.176999	12140.895804
2265.764586	12132.157343
2267.356870	12134.731469
2268.943846	12098.368531
2270.533851	12096.108392
2272.118551	12077.832168
2273.707944	12076.135664
2275.292036	12065.674825
2276.877489	12042.106993
2278.460972	12044.807692
2280.047482	12045.362937
2281.630358	12053.497203
2283.212930	12040.586364
2284.795199	12040.362238
2286.373839	12038.703147
2287.955502	12038.341958
2289.533537	12044.523427
2291.114595	12034.859441
2292.692026	12025.902448
2294.267494	12013.373427
2295.845984	12002.580769
2297.420850	12007.375524
2298.995415	11985.602448
2300.569680	11960.720979
2302.143644	11926.050000
2303.717308	11903.490210
2305.290671	11904.431469
2306.860416	11904.995105
2308.429862	11891.558042
2310.002326	11898.493007
2311.569516	11911.181818
2313.139724	11947.486713
2314.706317	11977.891608
2316.274270	12002.116783
2317.840267	12033.208392
2319.405967	12058.265734
2320.971370	12084.648252
2322.534818	12119.401399
2324.099626	12171.988112
2325.660826	12192.837063
2327.225040	12209.622378
2328.783992	12225.694406
2330.345959	12237.674126
2331.905975	12267.167832
2333.465695	12271.504895
2335.023466	12273.984615
2336.580942	12297.455245
2338.138124	12311.953147
2339.693358	12325.474825
2341.248299	12331.586713
2342.802946	12357.201399
2344.357299	12355.603497
2345.911358	12370.380420
2347.465123	12378.158741
2349.016945	12393.111189
2350.566823	12391.234965
2352.119709	12391.666434
2353.667353	12395.321678
2355.218004	12398.553147
2356.765064	12402.870629
2358.313483	12397.261538
2359.861609	12387.715385
2361.406147	12408.458042
2362.952043	12422.501399
2364.496001	12444.081119
2366.041316	12466.582517
2367.583046	12480.468531
2369.126133	12480.365734
2370.667285	12498.029371
2372.208147	12510.623776
2373.748719	12529.713287
2375.289003	12541.581119
2376.828998	12541.352448
2378.365415	12544.403497
2379.904833	12570.195804
2381.440674	12576.535664
2382.977871	12586.690210
2384.511493	12601.628671
2386.048116	12606.523776
2387.582807	12625.088112
2389.115569	12648.816783
2390.648044	12684.102797
2392.178591	12715.204895
2393.712136	12728.272028
2395.240470	12740.711189
2396.770161	12762.534266
2398.299566	12790.871329
2399.828685	12790.273427
2401.357520	12797.187413
2402.881149	12814.412587
2404.409415	12825.183217
2405.932477	12856.500000
2407.460173	12883.341259
2408.981030	12905.672727
2410.506520	12934.700000
2412.028449	12959.090909
2413.551734	12995.485315
2415.073098	13010.933566
2416.592542	13040.044056
2418.113341	13029.549650
2419.632221	13046.869930
2421.150819	13055.763636
2422.667500	13074.706294
2424.185535	13091.913986
2425.703289	13099.302098
2427.217492	13109.236364
2428.731414	13139.522378
2430.245056	13157.651748
2431.760053	13168.952448
2433.271501	13165.686014
2434.784304	13185.681818
2436.295193	13182.210490
2437.805804	13196.839161
2439.314503	13222.044755
2440.826188	13256.315385
2442.334330	13274.520979
2443.842194	13306.674825
2445.349780	13349.641259
2446.853825	13387.916783
2448.360856	13423.642657
2449.865978	13472.703497
2451.370823	13510.996503
2452.873760	13549.072727
2454.376422	13578.370629
2455.878807	13591.266434
2457.379287	13612.906294
2458.881120	13594.034266
2460.381049	13586.553147
2461.880702	13577.484615
2463.380079	13569.077622
2464.877554	13561.672028
2466.373127	13556.557343
2467.871680	13583.513287
2469.366705	13565.931469
2470.863082	13574.455944
2472.355933	13583.118881
2473.850137	13595.262238
2475.344067	13592.114685
2476.834473	13585.759441
2478.327857	13597.095804
2479.819343	13600.253846
2481.308932	13611.459441
2482.798249	13630.910490
2484.285671	13635.799301
2485.776068	13661.444755
2487.262946	13658.104196
2488.751176	13690.785315
2490.235890	13704.487413
2491.720333	13719.139860
2493.206128	13708.838462
2494.690030	13706.260140
2496.175284	13702.073427
2497.655403	13699.740559
2499.138496	13699.053846
2500.619698	13684.457343
2502.100631	13650.430769
2503.579675	13637.885315
2505.058450	13600.929371
2506.536957	13593.890909
2508.015196	13580.073427
2509.493166	13554.639860
2510.967632	13531.375524
2512.445066	13514.304895
2513.918997	13506.075524
2515.394278	13496.148252
2516.869293	13498.493007
2518.340806	13471.019580
2519.813669	13432.276923
2521.284650	13407.648252
2522.756981	13368.591608
2524.224199	13360.358042
2525.694382	13340.533566
2527.162685	13320.503497
2528.630723	13314.830769
2530.098496	13315.746154
2531.566004	13321.683916
2533.033247	13333.163636
2534.496998	13361.496503
2535.962099	13361.485315
2537.425323	13365.331469
2538.889897	13359.248252
2540.350981	13361.267133
2541.813415	13363.554545
2543.275586	13362.681119
2544.734271	13378.167832
2546.197528	13373.102098
2547.655688	13390.205594
2549.115197	13392.481119
2550.569613	13403.456643
2552.028598	13391.706993
2553.485712	13377.479021
2554.940955	13376.846853
2556.395937	13356.402098
2557.849049	13371.133566
2559.303510	13365.670629
2560.756102	13366.290210
2562.208434	13370.006294
2563.658898	13375.388112
2565.112318	13406.795105
2566.560656	13416.198601
2568.011950	13457.288811
2569.461377	13457.051049
2570.907332	13490.692308
2572.356242	13532.093007
2573.801682	13553.570629
2575.248470	13571.001399
2576.693394	13570.225874
2578.138060	13575.302098
2579.584075	13565.660839
2581.026622	13552.800699
2582.470517	13537.457343
2583.910947	13531.920280
2585.352724	13550.847552
2586.792642	13524.088811
2588.233907	13544.568531
2589.671711	13567.637063
2591.112464	13568.983916
2592.548154	13579.444056
2593.986794	13589.639860
2595.423576	13607.006294
2596.858503	13621.940559
2598.296377	13638.668531
2599.729194	13661.390909
2601.163358	13680.217483
2602.595668	13701.881818
2604.029324	13693.094406
2605.461127	13707.892308
2606.892676	13708.900000
2608.323973	13696.575524
2609.753417	13703.659441
2611.182609	13694.325874
2612.609951	13708.555944
2614.038638	13702.844056
2615.467074	13718.048951
2616.892062	13745.545455
2618.318397	13754.201399
2619.742883	13793.149650
2621.168715	13794.492308
2622.591103	13813.148951
2624.014837	13821.644056
2625.436724	13820.042657
2626.858362	13837.995105
2628.278154	13840.360140
2629.699292	13833.804196
2631.120180	13804.859441
2632.537630	13819.439860
2633.958019	13817.123077
2635.374971	13806.651049
2636.791674	13821.366434
2638.208130	13822.964336
2639.624336	13827.446853
2641.040295	13831.616783
2642.454413	13824.528671
2643.868284	13843.515385
2645.280315	13858.224476
2646.693691	13874.058042
2648.103637	13886.591608
2649.516518	13895.053147
2650.925971	13903.339161
2652.335178	13909.041259
2653.742549	13927.671329
2655.152855	13946.935664
2656.561324	13953.532867
2657.967958	14005.315385
2659.374347	14024.635664
2660.778902	14056.497902
2662.184801	14108.049650
2663.588867	14154.361538
2664.992688	14183.072028
2666.396266	14191.136364
2667.798011	14200.197203
2669.201100	14175.372028
2670.600771	14150.129371
2672.001786	14125.130769
2673.399385	14074.255944
2674.799914	14056.273427
2676.197028	14009.986014
2677.595485	13972.861538
2678.992114	13964.089510
2680.388501	13934.952448
2681.784647	13930.265035
2683.178966	13920.434965
2684.574628	13902.097203
2685.966880	13894.088112
2687.360475	13883.075524
2688.752247	13870.384615
2690.145360	13843.703497
2691.536650	13851.181119
2692.926117	13856.358741
2694.315344	13849.473427
2695.704332	13860.081119
2697.094662	13855.778322
2698.480007	13868.367832
2699.868276	13874.011189
2701.254725	13871.017483
2702.640935	13888.830769
2704.026907	13895.158741
2705.409479	13897.511189
2706.793394	13911.420979
2708.177071	13918.951748
2709.560510	13934.365035
2710.940553	13929.746154
2712.321938	13936.918881
2713.701507	13946.736364
2715.082418	13952.813986
2716.461513	13989.939860
2717.838795	14012.470629
2719.217418	14049.437762
2720.594228	14085.009091
2721.970802	14116.731469
2723.347140	14148.514685
2724.721666	14172.209790
2726.097533	14205.384615
2727.470013	14202.893007
2728.845409	14224.441958
2730.215845	14239.546154
2731.587622	14241.722378
2732.959164	14264.593706
2734.328898	14267.749650
2735.699973	14292.586713
2737.069239	14318.512587
2738.438273	14331.211888
2739.805499	14357.945455
2741.172493	14366.018182
2742.539254	14383.949650
2743.905782	14386.037762
2745.270505	14413.460140
2746.634997	14424.880420
2747.999256	14457.438462
2749.363283	14478.589510
2750.727079	14501.892308
2752.087501	14538.517483
2753.450834	14559.825874
2754.809224	14572.655944
2756.170524	14582.045455
2757.528453	14558.067133
2758.889291	14552.270629
2760.248330	14534.163636
2761.604000	14526.376923
2762.962578	14521.197203
2764.317789	14532.363636
2765.672772	14527.904196
2767.025957	14539.474825
2768.382049	14551.408392
2769.734777	14573.352448
2771.087276	14605.353846
2772.439547	14621.791608
2773.793157	14633.021678
2775.143405	14649.414685
2776.491860	14660.567832
2777.843219	14683.616783
2779.191219	14686.069930
2780.540557	14681.790210
2781.888104	14693.348252
2783.235423	14701.081818
2784.582516	14686.333566
2785.927818	14701.560839
2787.272894	14707.615385
2788.617743	14709.808392
2789.962367	14714.200000
2791.303639	14733.762238
2792.646249	14770.692308
2793.988633	14803.357343
2795.330793	14836.761538
2796.669603	14881.639161
2798.011312	14941.392308
2799.349674	14988.896503
2800.689373	15017.511888
2802.027286	15076.049650
2803.363415	15112.937063
2804.699320	15137.055944
2806.036563	15156.610490
2807.372022	15209.181818
2808.707258	15222.890909
2810.040711	15256.304196
2811.375502	15296.658042
2812.706951	15330.931469
2814.041296	15350.109091
2815.370743	15369.448252
2816.701527	15405.809790
2818.032089	15445.552448
2819.360872	15466.009091
2820.690991	15482.491608
2822.019332	15514.811888
2823.347452	15543.895105
2824.673794	15529.707692
2826.001473	15542.139161
2827.325818	15543.385315
2828.651500	15543.773427
2829.975406	15517.990909
2831.299093	15512.639860
2832.624115	15510.916783
2833.945807	15508.901399
2835.267281	15497.318182
2836.588536	15511.382517
2837.909572	15522.750350
2839.228836	15525.491608
2840.549435	15517.977622
2841.868262	15514.017483
2843.186871	15507.840559
2844.503709	15495.323776
2845.820330	15491.420280
2847.136734	15501.900000
2848.451368	15500.797902
2849.767338	15507.559441
2851.079987	15499.307692
2852.393972	15513.134266
2853.707739	15514.808392
2855.021291	15523.814685
2856.333075	15552.590210
2857.643093	15572.502797
2858.954446	15586.739161
2860.262484	15617.365734
2861.571857	15673.151049
2862.881014	15725.751748
2864.189956	15767.155944
2865.497134	15815.906993
2866.802550	15841.711189
2868.109300	15859.165734
2869.414287	15860.127273
2870.719061	15875.962937
2872.022073	15909.991608
2873.327967	15900.244755
2874.629005	15901.951748
2875.931378	15903.268531
2877.231991	15920.130769
2878.533938	15935.022378
2879.835672	15945.552448
2881.134101	15961.450350
2882.433865	15948.417483
2883.731870	15931.503497
2885.029664	15929.451049
2886.325702	15940.061538
2887.623073	15950.395105
2888.918688	15946.648951
2890.214092	15950.184615
2891.509285	15933.916783
2892.801181	15951.409091
2894.095953	15955.626573
2895.387428	15951.534965
2896.680236	15940.095804
2897.972834	15923.148252
2899.262138	15922.706993
2900.552774	15944.867133
2901.841659	15957.051049
2903.131877	15981.726573
2904.418802	15995.077622
2905.707061	15989.986014
2906.993569	15986.432168
2908.279870	15999.561538
2909.565962	15997.690909
2910.850306	15971.625175
2912.137521	15954.726573
2913.419910	15952.137063
2914.703631	15939.141259
2915.985606	15928.413986
2917.267373	15942.351049
2918.547396	15954.623077
2919.830288	15963.659441
2921.111435	15947.513287
2922.389300	15973.207692
2923.670034	15973.038462
2924.947487	15965.400699
2926.224734	15942.487413
2927.500240	15937.491608
2928.778613	15927.485315
2930.052171	15897.559441
2931.328597	15885.990909
2932.603282	15910.167832
2933.876227	15904.012587
2935.150502	15919.509091
2936.423038	15910.367133
2937.695370	15929.613287
2938.964428	15916.624476
2940.236352	15889.891608
2941.506538	15861.873427
2942.776521	15839.986713
2944.046300	15835.560839
2945.314342	15837.175524
2946.580649	15838.107692
2947.846753	15852.485315
2949.114187	15859.726573
2950.379887	15863.035664
2951.645384	15873.588112
2952.910679	15883.959441
2954.172709	15886.810490
2955.436070	15864.224476
2956.699228	15855.213986
2957.960655	15849.465734
2959.223411	15867.571329
2960.484436	15885.874825
2961.743729	15867.793706
2963.002823	15871.237762
2964.261716	15876.944056
2965.520409	15873.412587
2966.778902	15908.577622
2968.035666	15931.838462
2969.292230	15958.093007
2970.547067	15985.757343
2971.803232	16024.387413
2973.056143	16046.979720
2974.310383	16078.661538
2975.564424	16094.666434
2976.816739	16085.318182
2978.068856	16106.086713
2979.319247	16118.878322
2980.572494	16124.441958
2981.820964	16150.024476
2983.072289	16161.444056
2984.320364	16164.223077
2985.568243	16182.753846
2986.815924	16179.713986
2988.063409	16186.584615
2989.309171	16195.963636
2990.554738	16213.173427
2991.801632	16218.011189
2993.045282	16236.125874
2994.290260	16244.035664
2995.531994	16256.478322
2996.776580	16266.048951
2998.019447	16277.356643
2999.259073	16278.436364
3000.501549	16280.741958
3001.740786	16271.714685
3002.981350	16306.661538
3004.220197	16326.334965
3005.458850	16346.280420
3006.695787	16337.704895
3007.934051	16346.253147
3009.170601	16367.507692
3010.406956	16391.216783
3011.643118	16412.057343
3012.877567	16435.304895
3014.111822	16451.200699
3015.345884	16472.180420
3016.578234	16502.245455
3017.808872	16532.569231
3019.042356	16529.529371
3020.274128	16550.894406
3021.504190	16558.384615
3022.734060	16583.028671
3023.962220	16602.397902
3025.191706	16623.253147
3026.419484	16632.196503
3027.647070	16639.413986
3028.875982	16658.834266
3030.100152	16680.372727
3031.327165	16700.578322
3032.550954	16711.727273
3033.776070	16728.951748
3034.999479	16770.600000
3036.222698	16794.372028
3037.444212	16811.313986
3038.668567	16836.232867
3039.888187	16868.323776
3041.109133	16885.588811
3042.329890	16911.569930
3043.548943	16941.095105
3044.769322	16970.481119
3045.986484	16998.275524
3047.204971	17042.544755
3048.421756	17069.343357
3049.638354	17090.853846
3050.854763	17091.866434
3052.067960	17103.613287
3053.283994	17136.962937
3054.496816	17151.772028
3055.712475	17165.170629
3056.923411	17195.484615
3058.135672	17220.843357
3059.347747	17257.876923
3060.559635	17267.632867
3061.769825	17306.110490
3062.979829	17328.536014
3064.189647	17355.704196
3065.397770	17371.463986
3066.605706	17414.321678
3067.811948	17455.259790
3069.019513	17467.060839
3070.225384	17507.058392
3071.431071	17560.343357
3072.636572	17576.994056
3073.840380	17622.116084
3075.045512	17638.622028
3076.248952	17686.625175
3077.450699	17720.961189
3078.652263	17746.505594
3079.853642	17764.555944
3081.054839	17782.093706
3082.254344	17802.337063
3083.453667	17790.582517
3084.654313	17807.202098
3085.853269	17802.705594
3087.049031	17779.558741
3088.247622	17790.190909
3089.443019	17780.299301
3090.639739	17780.765734
3091.833267	17777.438462
3093.029623	17791.209790
3094.224293	17792.758042
3095.415772	17816.292308
3096.611582	17819.493007
3097.802699	17833.990210
3098.995138	17857.720280
3100.184390	17877.281818
3101.376468	17881.834965
3102.566861	17900.897203
3103.754069	17911.598601
3104.942600	17942.531469
3106.132452	17970.011189
3107.319121	17975.339860
3108.505610	17967.994406
3109.691919	17971.922378
3110.879550	17968.233566
3112.064000	18005.660140
3113.246769	18020.017483
3114.432361	18051.960140
3115.616274	18047.756643
3116.798508	18066.126573
3117.980563	18085.775524
3119.162441	18118.313986
3120.344140	18133.355245
3121.524161	18121.833566
3122.702506	18128.841958
3123.883672	18127.451049
3125.061662	18133.435664
3126.239475	18156.463636
3127.417111	18149.859441
3128.593072	18165.956643
3129.768856	18146.911888
3130.945962	18176.452448
3132.121393	18192.211189
3133.295151	18218.943357
3134.467237	18232.769930
3135.640643	18240.387413
3136.813874	18277.439860
3137.985432	18316.811888
3139.158311	18347.730769
3140.328024	18405.464336
3141.499056	18421.376923
3142.668419	18430.929371
3143.836112	18431.297203
3145.006620	18433.227972
3146.172469	18419.897902
3147.342628	18408.932867
3148.508129	18412.816783
3149.673457	18406.492308
3150.838611	18414.965035
3152.003591	18429.053147
3153.169892	18396.918182
3154.331539	18350.197203
3155.494506	18278.786014
3156.657301	18186.613287
3157.819923	18092.341958
3158.980880	18012.612587
3160.141664	17941.918182
3161.302276	17887.091608
3162.461225	17876.067832
3163.620001	17872.393706
3164.778606	17879.437762
3165.937039	17889.144056
3167.095300	17889.874825
3168.251899	17899.954545
3169.406837	17904.181818
3170.563094	17892.379021
3171.717690	17897.215385
3172.872116	17916.823776
3174.024882	17896.034266
3175.177478	17911.393706
3176.329903	17928.334965
3177.482159	17973.708392
3178.634244	17995.130070
3179.783184	18035.999301
3180.934930	18090.227273
3182.085018	18137.161538
3183.233450	18178.476923
3184.381713	18235.915385
3185.529806	18302.477622
3186.677731	18384.034266
3187.824001	18427.220979
3188.970102	18480.866434
3190.114548	18505.699301
3191.258827	18560.195804
3192.402938	18572.824476
3193.548367	18590.958042
3194.690656	18583.934965
3195.832779	18574.730070
3196.974734	18566.604196
3198.116523	18558.494406
3199.258144	18550.990210
3200.396629	18569.020979
3201.536432	18566.423776
3202.677553	18562.034266
3203.815539	18582.026573
3204.951876	18611.125175
3206.088047	18628.905594
3207.225536	18655.981818
3208.361375	18677.110490
3209.498532	18666.651049
3210.631076	18648.920979
3211.767902	18633.531469
3212.900116	18610.639161
3214.033647	18555.659441
3215.167014	18480.860140
3216.297253	18388.165734
3217.430290	18326.179720
3218.560201	18244.087413
3219.691428	18181.864336
3220.819531	18165.703497
3221.950430	18139.818881
3223.079685	18104.753147
3224.207297	18100.326573
3225.331787	18107.305594
3226.460551	18128.132867
3227.586194	18138.653147
3228.711675	18162.141958
3229.835514	18175.255944
3230.962147	18192.529371
3232.084183	18179.423077
3233.207535	18193.724476
3234.330725	18189.859441
3235.453753	18168.853147
3236.575141	18144.002098
3237.696368	18128.591608
3238.815956	18151.656643
3239.935383	18208.270629
3241.053172	18267.650350
3242.173754	18351.723776
3243.291221	18417.904895
3244.408528	18515.903497
3245.525675	18604.686713
3246.641186	18686.265035
3247.758012	18736.678322
3248.871727	18791.194406
3249.988232	18834.376923
3251.103103	18860.718881
3252.214865	18898.089510
3253.326468	18914.592308
3254.439385	18900.113986
3255.552144	18912.151049
3256.661796	18893.125175
3257.772762	18919.809091
3258.883570	18925.726573
3259.992747	18935.587413
3261.100292	18960.352448
3262.209151	19004.467133
3263.317853	19044.752448
3264.423452	19077.645455
3265.530365	19123.788112
3266.635649	19153.782517
3267.742248	19169.639161
3268.845746	19207.197902
3269.950558	19204.889510
3271.055213	19225.935664
3272.156769	19235.572727
3273.258170	19242.999301
3274.360884	19251.079021
3275.463441	19276.551748
3276.562902	19284.543357
3277.665147	19318.186713
3278.764296	19335.632168
3279.861821	19345.893007
3280.959190	19359.072028
3282.059342	19366.686014
3283.156400	19327.784615
3284.253303	19321.572028
3285.350051	19299.191608
3286.442241	19262.167832
3287.538679	19249.179720
3288.633495	19221.089510
3289.728157	19229.046154
3290.821197	19266.083916
3291.914083	19292.060140
3293.005348	19317.190909
3294.097926	19344.151049
3295.188883	19346.941958
3296.278221	19342.327972
3297.367406	19363.104895
3298.457904	19351.839161
3299.545317	19347.160140
3300.632578	19371.764336
3301.721151	19380.667832
3302.809571	19420.107692
3303.893444	19463.105594
3304.981559	19503.739161
3306.066593	19505.769231
3307.150010	19568.679720
3308.234740	19585.026573
3309.317855	19614.297902
3310.402281	19626.651049
3311.483629	19640.200000
3312.566289	19637.768531
3313.647335	19649.477622
3314.728230	19651.058741
3315.807511	19657.797902
3316.886643	19667.972028
3317.967085	19677.067832
3319.044454	19671.488112
3320.123133	19740.604895
3321.200202	19752.592308
3322.277120	19786.440559
3323.352427	19815.216084
3324.427585	19821.779021
3325.504054	19836.137063
3326.577453	19863.581818
3327.650703	19879.512587
3328.725263	19886.922378
3329.798215	19868.957343
3330.869558	19843.011189
3331.942213	19826.468531
3333.011800	19829.595105
3334.082698	19803.128671
3335.151989	19781.403497
3336.222591	19748.783217
3337.291586	19717.554545
3338.358975	19742.676224
3339.424759	19734.495804
3340.494769	19715.991608
3341.561716	19717.258741
3342.625601	19711.468531
3343.692254	19731.900699
3344.757302	19745.681818
3345.820747	19774.130769
3346.884046	19761.974126
3347.947198	19770.850350
3349.010204	19753.733566
3350.073064	19774.376224
3351.134322	19776.861538
3352.192523	19750.479720
3353.254945	19746.068531
3354.314310	19774.773427
3355.373530	19799.791608
3356.434060	19868.709790
3357.490080	19915.506993
3358.548865	19981.774825
3359.603142	20030.202797
3360.660182	20086.419580
3361.715625	20124.913986
3362.772376	20190.994406
3363.827529	20201.022378
3364.881086	20203.639161
3365.933045	20238.808392
3366.987766	20260.827273
3368.039438	20281.632168
3369.090967	20316.026573
3370.143804	20332.755245
3371.193594	20360.530070
3372.244693	20376.693007
3373.292746	20397.074126
3374.343559	20425.167133
3375.391326	20458.453147
3376.438951	20479.729371
3377.486433	20496.267832
3378.532323	20531.453846
3379.579521	20526.488112
3380.623677	20539.160839
3381.670591	20556.407692
3382.715913	20554.307692
3383.758194	20560.583217
3384.800335	20558.930070
3385.843783	20562.565734
3386.887091	20543.804895
3387.928808	20549.664336
3388.970384	20561.790909
3390.011820	20580.114685
3391.051666	20616.169930
3392.089924	20636.711189
3393.129491	20688.102098
3394.168916	20732.803497
3395.206754	20750.348252
3396.243005	20783.912587
3397.279117	20795.072727
3398.316536	20815.274126
3399.350922	20809.646154
3400.386615	20827.041259
3401.422169	20848.377622
3402.454692	20884.534266
3403.489968	20916.888112
3404.522213	20934.493007
3405.554320	20968.715385
3406.584843	20992.323776
3407.616673	21003.857343
3408.648365	21029.594406
3409.677030	21065.183217
3410.705556	21092.259441
3411.735390	21083.961538
3412.765085	21125.264336
3413.791755	21150.155245
3414.819732	21199.781119
3415.844684	21219.906993
3416.872386	21272.479021
3417.897065	21304.925874
3418.923050	21340.972028
3419.947455	21386.566434
3420.971724	21420.466434
3421.994414	21452.741259
3423.016968	21427.481119
3424.040828	21409.058042
3425.061668	21400.320979
3426.082373	21367.584116
3427.104383	21343.762438
3428.123375	21338.051049
3429.142232	21359.645055
3430.162394	21417.739560
3431.179540	21521.529670
