-116.707459	-8.333333
-114.037859	-0.666667
-111.371194	-10.000000
-108.705281	-20.333333
-106.042300	-10.666667
-103.377890	-29.333333
-100.716410	-22.666667
-98.053501	-1.000000
-95.395698	19.333333
-92.736466	10.666667
-90.077982	-21.000000
-87.422422	-3.666667
-84.765434	-4.666667
-82.113544	24.333333
-79.460224	-9.666667
-76.809823	-0.333333
-74.157993	-15.000000
-71.511254	3.666667
-68.863086	24.000000
-66.215660	-10.666667
-63.571148	-8.000000
-60.925208	25.333333
-58.284349	24.333333
-55.642061	26.666667
-53.002682	3.666667
-50.361873	19.000000
-47.721805	0.000000
-45.086809	10.333333
-42.450385	4.333333
-39.816863	18.000000
-37.181913	7.333333
-34.552028	6.333333
-31.918551	-0.666667
-29.290136	8.000000
-26.662455	10.666667
-24.033345	25.000000
-21.409292	24.000000
-18.781650	27.333333
-16.159061	66.000000
-13.537204	72.333333
-10.916077	111.000000
-8.295680	209.333333
-5.678172	784.333333
-3.059235	2425.666667
-0.443183	5705.666667
2.172140	9331.666667
4.786736	5085.000000
7.398449	777.666667
10.011591	73.333333
12.619699	89.000000
15.231389	10.666667
17.838048	2.333333
20.446135	9.000000
23.053498	-10.333333
25.655836	-4.666667
28.261752	15.000000
30.862646	16.333333
33.464968	26.666667
36.062273	-11.333333
38.663153	-13.000000
41.259018	-38.333333
43.856312	10.666667
46.452886	15.666667
49.044451	-31.000000
51.637444	13.333333
54.227576	7.666667
56.819136	-7.666667
59.407836	16.333333
61.997963	35.333333
64.583091	28.333333
67.169647	22.333333
69.755489	55.666667
72.338477	21.000000
74.922891	18.666667
77.500177	30.666667
80.081029	6.666667
82.659032	43.666667
85.236325	22.333333
87.815044	2.000000
90.388781	-4.333333
92.963946	23.666667
95.536267	-12.333333
98.107880	17.666667
100.676653	-9.000000
103.246853	-10.000000
105.814215	29.666667
108.383002	-12.000000
110.948953	7.000000
113.512069	34.666667
116.078741	16.000000
118.636192	12.333333
121.199328	22.333333
123.757504	50.000000
126.319235	84.666667
128.876009	102.666667
131.434210	141.333333
133.987457	243.000000
136.540007	326.000000
139.096107	502.333333
141.647259	607.333333
144.197714	765.333333
146.747471	928.333333
149.294409	1058.000000
151.840652	1072.666667
154.388320	1134.000000
156.935292	1121.000000
159.477329	1088.333333
162.018672	1110.333333
164.559322	1113.666667
167.101398	1134.666667
169.640662	1098.333333
172.177118	1106.333333
174.712882	1124.000000
177.250072	1158.000000
179.786571	1114.666667
182.320264	1098.666667
184.851153	1072.333333
187.381355	1053.666667
189.912981	1067.000000
192.441806	1097.000000
194.967832	1064.333333
197.493172	1079.333333
200.019937	1062.666667
202.543906	1109.000000
205.067190	1060.666667
207.589789	1013.000000
210.109595	1071.666667
212.628718	1039.333333
215.147158	1085.666667
217.667022	1043.333333
220.179885	1084.666667
222.696279	1132.666667
225.211991	1099.333333
227.722813	1167.666667
230.235060	1155.333333
232.744525	1118.666667
235.253311	1154.333333
237.761418	1151.666667
240.270950	1125.000000
242.775601	1164.000000
245.279576	1146.333333
247.784975	1105.000000
250.285499	1155.333333
252.789547	1147.333333
255.286623	1152.333333
257.787223	1189.666667
260.285051	1128.000000
262.782206	1130.000000
265.278688	1080.000000
267.770307	1111.000000
270.265446	1138.666667
272.757818	1077.333333
275.249520	1143.333333
277.738459	1132.666667
280.228822	1222.666667
282.716422	1209.333333
285.201263	1181.333333
287.689619	1160.333333
290.171035	1201.333333
292.655965	1240.000000
295.136050	1209.666667
297.619647	1236.666667
300.098401	1352.666667
302.578579	1358.333333
305.056004	1331.333333
307.532766	1305.333333
310.008865	1305.333333
312.482215	1234.000000
314.954903	1196.000000
317.426930	1182.000000
319.898296	1211.000000
322.366917	1206.000000
324.834880	1214.000000
327.304264	1179.666667
329.768826	1189.000000
332.236892	1112.333333
334.700138	1155.333333
337.162726	1106.333333
339.624658	1116.666667
342.085933	1067.333333
344.544474	1096.000000
347.004437	1033.000000
349.461667	1036.666667
351.918243	991.666667
354.374165	1005.333333
356.827357	1037.666667
359.281972	956.666667
361.731785	981.000000
364.185094	995.666667
366.633605	1015.000000
369.081464	1001.333333
371.530746	959.000000
373.975234	923.666667
376.421144	952.333333
378.866404	913.333333
381.308946	887.000000
383.750840	931.000000
386.192087	898.666667
388.630618	943.666667
391.070571	878.333333
393.507810	874.333333
395.942337	935.000000
398.380352	892.333333
400.813590	896.666667
403.248249	869.333333
405.678136	874.000000
408.111508	870.333333
410.540110	919.333333
412.968070	938.333333
415.397452	900.000000
417.822068	862.666667
420.248106	836.000000
422.673503	875.000000
425.098260	829.000000
427.518259	887.333333
429.939679	842.666667
432.358402	813.666667
434.778546	836.333333
437.195995	839.333333
439.614864	805.000000
442.031040	770.666667
444.442468	760.333333
446.857374	705.666667
449.269589	712.333333
451.681170	737.333333
454.092117	684.000000
456.500378	675.000000
458.908006	696.666667
461.315002	644.333333
463.721367	679.000000
466.125049	665.000000
468.528101	629.333333
470.930523	742.666667
473.332315	710.000000
475.731430	701.000000
478.131964	748.666667
480.531869	724.666667
482.927051	769.333333
485.325700	694.666667
487.719629	739.333333
490.112932	843.333333
492.505609	850.333333
494.897661	926.333333
497.291131	944.000000
499.679889	1047.333333
502.065981	1328.666667
504.453493	1577.666667
506.840382	2049.333333
509.224607	2821.333333
511.610250	4109.666667
513.993232	5677.000000
516.373553	7328.333333
518.755293	8631.000000
521.134374	8394.666667
523.514874	7597.666667
525.892716	6338.000000
528.267903	5332.333333
530.642472	4477.666667
533.018459	3842.000000
535.391794	3335.333333
537.766546	2990.666667
540.136613	2613.666667
542.506064	2426.000000
544.876933	2197.333333
547.243122	2033.000000
549.610729	1864.333333
551.975690	1749.000000
554.340038	1676.000000
556.703773	1635.000000
559.068926	1593.000000
561.429407	1486.666667
563.791306	1455.000000
566.150564	1410.333333
568.507185	1353.333333
570.867250	1364.666667
573.220624	1354.000000
575.577443	1290.666667
577.931627	1293.333333
580.285202	1233.000000
582.638170	1231.666667
584.988505	1192.000000
587.340258	1165.333333
589.685334	1143.666667
592.035874	1110.000000
594.379740	1096.000000
596.729068	1060.333333
599.073747	1039.333333
601.415802	1007.333333
603.759274	1013.000000
606.100123	1048.666667
608.440370	1052.000000
610.777996	1085.666667
613.119057	1066.000000
615.455480	1164.333333
617.793320	1170.000000
620.128543	1142.333333
622.461150	1175.666667
624.795173	1116.000000
627.126582	1076.000000
629.457393	1011.000000
631.787607	1000.333333
634.117222	1026.000000
636.442214	988.666667
638.772648	993.333333
641.098461	973.333333
643.421666	970.333333
645.746288	918.666667
648.068304	941.000000
650.389726	873.333333
652.708546	869.666667
655.028781	866.666667
657.348423	861.666667
659.665464	906.666667
661.981913	883.000000
664.295764	856.000000
666.611031	862.000000
668.923701	878.333333
671.237786	890.000000
673.547271	878.666667
675.858172	924.333333
678.166480	807.000000
680.474200	851.666667
682.783334	869.666667
685.087876	863.666667
687.391832	803.000000
689.695202	792.000000
691.999986	804.666667
694.300184	743.333333
696.601796	800.000000
698.902823	769.333333
701.199269	731.666667
703.497130	706.666667
705.794407	731.666667
708.091101	740.666667
710.383219	701.666667
712.678748	742.666667
714.969703	722.333333
717.262073	683.666667
719.551868	729.333333
721.841082	739.666667
724.129717	728.000000
726.415779	737.666667
728.703256	752.333333
730.988161	704.000000
733.272489	720.666667
735.554248	709.666667
737.837421	730.000000
740.120017	706.666667
742.398057	713.000000
744.677512	758.000000
746.956390	714.000000
749.234694	737.666667
751.508448	735.000000
753.783615	684.333333
756.058209	725.666667
758.330244	680.666667
760.603692	685.000000
762.874582	686.000000
765.142916	712.333333
767.412663	673.666667
769.679856	646.666667
771.946478	703.000000
774.212530	745.666667
776.476031	711.333333
778.740945	674.666667
781.005289	707.666667
783.265104	656.333333
785.526331	707.666667
787.786991	692.666667
790.045105	689.000000
792.300674	690.666667
794.559634	722.333333
796.812095	691.333333
799.069922	705.000000
801.323231	746.333333
803.574000	716.666667
805.826181	745.333333
808.075823	703.333333
810.326878	723.333333
812.573421	670.666667
814.821376	704.333333
817.066797	697.000000
819.313629	688.000000
821.559900	681.666667
823.801666	646.666667
826.046816	679.000000
828.285493	637.000000
830.527552	643.000000
832.765113	654.333333
835.004086	686.666667
837.240532	654.333333
839.478389	675.000000
841.713721	665.000000
843.946530	680.666667
846.180750	659.000000
848.412447	735.333333
850.643590	664.666667
852.874178	643.666667
855.104212	727.000000
857.333692	627.333333
859.558690	674.666667
861.787063	671.666667
864.010956	646.333333
866.236261	624.666667
868.457090	696.000000
870.681291	635.000000
872.901019	678.333333
875.122157	710.666667
877.342745	698.666667
879.560824	696.000000
881.780312	664.000000
883.995334	678.666667
886.209808	726.666667
888.423735	677.000000
890.637115	655.666667
892.849947	655.333333
895.062233	616.666667
897.272016	690.000000
899.481254	651.333333
901.689947	671.000000
903.896141	610.333333
906.103744	625.666667
908.308849	692.333333
910.513411	692.333333
912.715478	661.666667
914.918954	714.333333
917.119936	729.000000
919.320376	735.000000
921.522225	772.333333
923.717683	791.000000
925.916500	789.000000
928.110878	878.000000
930.308614	944.666667
932.501914	1033.000000
934.696623	1138.666667
936.888846	1238.666667
939.080530	1301.000000
941.271677	1382.333333
943.460341	1341.000000
945.648469	1394.000000
947.834116	1324.000000
950.023115	1318.000000
952.207691	1361.666667
954.391732	1310.000000
956.579123	1325.333333
958.758210	1309.666667
960.940648	1312.666667
963.122552	1361.666667
965.301981	1360.000000
967.478938	1380.333333
969.657303	1342.666667
971.837075	1396.333333
974.010498	1397.333333
976.187267	1389.333333
978.359629	1335.000000
980.533399	1377.666667
982.702765	1271.333333
984.875475	1301.666667
987.045720	1230.666667
989.215436	1058.666667
991.384623	991.000000
993.549413	919.333333
995.717544	880.333333
997.881281	845.333333
1000.046424	790.333333
1002.209108	819.000000
1004.371267	762.000000
1006.530969	777.666667
1008.690146	743.333333
1010.850730	738.666667
1013.008859	739.666667
1015.166465	726.666667
1017.323547	719.000000
1019.480105	672.666667
1021.632284	686.333333
1023.785870	673.666667
1025.938934	678.000000
1028.089549	652.666667
1030.241571	623.333333
1032.389219	622.333333
1034.540199	619.666667
1036.686808	595.000000
1038.832898	636.000000
1040.978470	599.666667
1043.125447	609.666667
1045.266135	618.666667
1047.410153	567.000000
1049.551730	562.333333
1051.692791	614.666667
1053.835256	601.666667
1055.971442	605.666667
1058.110953	630.333333
1060.246110	575.333333
1062.384591	606.333333
1064.518718	559.666667
1066.652332	580.000000
1068.787351	577.000000
1070.918020	570.333333
1073.050094	570.666667
1075.179739	553.333333
1077.308872	609.000000
1079.437493	627.333333
1081.565603	621.000000
1083.691287	610.000000
1085.816461	609.666667
1087.943039	590.333333
1090.065279	564.666667
1092.188924	561.666667
1094.308234	572.000000
1096.432774	547.666667
1098.551068	589.333333
1100.670767	543.666667
1102.788047	591.333333
1104.904821	595.333333
1107.021088	571.666667
1109.134939	511.000000
1111.250195	538.666667
1113.361127	502.333333
1115.475372	565.333333
1117.585296	567.000000
1119.696624	537.333333
1121.807447	536.000000
1123.913954	502.000000
1126.023771	536.333333
1128.129273	553.666667
1130.236178	526.666667
1132.336868	545.000000
1134.442770	505.666667
1136.544363	522.000000
1138.647359	507.000000
1140.749854	520.333333
1142.846142	460.000000
1144.947637	522.333333
1147.044830	494.666667
1149.141525	487.000000
1151.237721	520.333333
1153.333420	490.000000
1155.428620	513.333333
1157.521424	518.666667
1159.615631	499.666667
1161.703646	525.000000
1163.796859	518.666667
1165.883884	562.333333
1167.974208	541.000000
1170.060244	546.333333
1172.149579	531.333333
1174.232732	583.666667
1176.317287	550.333333
1178.403244	555.333333
1180.484919	513.000000
1182.567996	534.666667
1184.648687	557.666667
1186.728886	509.333333
1188.808594	499.000000
1190.887811	544.666667
1192.964646	556.000000
1195.039100	587.666667
1197.116845	513.666667
1199.190321	578.000000
1201.265197	586.000000
1203.335806	553.666667
1205.407816	552.000000
1207.477451	547.666667
1209.548486	540.333333
1211.619033	564.666667
1213.685319	543.000000
1215.753006	539.000000
1217.818321	518.000000
1219.885036	505.333333
1221.947495	495.666667
1224.013239	476.000000
1226.074729	456.333333
1228.137620	518.333333
1230.198143	476.000000
1232.258182	477.666667
1234.317739	537.333333
1236.374930	488.333333
1238.431640	532.333333
1240.485986	528.666667
1242.543614	538.000000
1244.598879	512.666667
1246.649903	546.666667
1248.702327	530.000000
1250.754271	531.000000
1252.803857	492.333333
1254.852964	517.666667
1256.901593	522.666667
1258.949743	565.666667
1260.997414	545.333333
1263.040855	543.000000
1265.087572	509.000000
1267.131935	541.000000
1269.175822	535.333333
1271.217357	546.666667
1273.256543	543.333333
1275.299002	563.000000
1277.337238	498.000000
1279.376873	546.000000
1281.416033	564.333333
1283.450974	568.333333
1285.487314	498.666667
1287.521310	549.333333
1289.556703	527.000000
1291.587884	536.333333
1293.620462	534.000000
1295.652569	514.666667
1297.682335	520.333333
1299.713498	519.333333
1301.740455	509.000000
1303.768809	499.000000
1305.792958	559.000000
1307.820373	490.666667
1309.843585	492.666667
1311.868195	458.000000
1313.890471	521.666667
1315.914144	474.000000
1317.935484	479.666667
1319.956356	456.000000
1321.976761	503.333333
1323.992973	507.666667
1326.010582	457.333333
1328.025863	454.000000
1330.044403	489.333333
1332.058754	441.333333
1334.070779	476.666667
1336.086061	498.000000
1338.097158	468.666667
1340.109652	452.000000
1342.117963	499.333333
1344.129529	462.333333
1346.135057	462.333333
1348.143840	513.666667
1350.148445	515.000000
1352.156304	476.666667
1354.163701	515.000000
1356.165067	532.666667
1358.167829	576.333333
1360.170132	559.666667
1362.171975	568.333333
1364.173358	594.666667
1366.172428	558.666667
1368.171039	567.666667
1370.169192	545.333333
1372.166886	555.000000
1374.160418	526.333333
1376.155345	512.333333
1378.149816	548.000000
1380.143830	517.666667
1382.135537	511.333333
1384.126789	552.333333
1386.115735	534.666667
1388.106076	540.666667
1390.095962	503.666667
1392.083544	488.000000
1394.070673	478.666667
1396.055500	542.000000
1398.041722	513.333333
1400.025644	525.333333
1402.009113	515.000000
1403.992129	534.333333
1405.972848	474.333333
1407.954961	514.666667
1409.934778	490.333333
1411.914143	481.000000
1413.889370	468.000000
1415.867835	499.333333
1417.844007	508.666667
1419.819730	435.333333
1421.795003	507.000000
1423.767985	483.666667
1425.740519	499.666667
1427.712605	462.000000
1429.684244	453.666667
1431.651754	497.000000
1433.624338	490.000000
1435.589116	471.666667
1437.558967	460.666667
1439.524694	498.666667
1441.491813	500.666667
1443.456649	489.000000
1445.417365	513.000000
1447.383149	525.333333
1449.342978	493.666667
1451.304201	493.333333
1453.266816	563.333333
1455.225316	502.333333
1457.183373	528.000000
1459.140989	548.666667
1461.098162	525.000000
1463.053060	536.333333
1465.009351	553.000000
1466.963367	526.666667
1468.916942	505.000000
1470.868245	476.000000
1472.820941	504.666667
1474.771364	500.333333
1476.721349	472.666667
1478.670895	480.333333
1480.618172	483.000000
1482.563181	434.333333
1484.509583	501.000000
1486.455547	508.666667
1488.401074	471.000000
1490.344335	456.333333
1492.287161	502.666667
1494.227723	438.666667
1496.169676	495.333333
1498.109367	483.666667
1500.048624	468.000000
1501.987445	487.666667
1503.924007	483.333333
1505.861960	519.333333
1507.797654	499.666667
1509.732915	522.000000
1511.665920	503.333333
1513.598492	497.333333
1515.530632	502.000000
1517.462340	533.000000
1519.391794	518.000000
1521.322639	528.666667
1523.253052	517.333333
1525.179393	534.666667
1527.107125	510.000000
1529.032606	517.333333
1530.957658	478.666667
1532.882281	541.666667
1534.806475	469.333333
1536.728421	561.333333
1538.651758	536.333333
1540.572848	548.666667
1542.491694	590.666667
1544.411930	514.000000
1546.329923	584.333333
1548.247489	553.666667
1550.162813	548.000000
1552.079527	553.000000
1553.992186	552.000000
1555.908049	592.666667
1557.821672	590.000000
1559.733057	608.000000
1561.645832	626.000000
1563.554557	550.333333
1565.464671	563.666667
1567.374362	653.000000
1569.283630	638.666667
1571.190664	633.000000
1573.095465	720.666667
1575.001655	721.333333
1576.905613	822.000000
1578.809150	930.333333
1580.712267	1064.666667
1582.613154	1224.333333
1584.515430	1430.666667
1586.415478	1442.666667
1588.316913	1381.000000
1590.214315	1186.666667
1592.111298	998.000000
1594.007863	882.333333
1595.905816	802.333333
1597.797934	725.000000
1599.693245	613.000000
1601.588139	649.000000
1603.480811	598.000000
1605.373066	639.333333
1607.263102	571.000000
1609.152722	551.333333
1611.041927	561.000000
1612.930717	603.000000
1614.817289	549.000000
1616.705249	538.333333
1618.589192	551.666667
1620.474522	536.000000
1622.359439	480.666667
1624.242142	526.000000
1626.126232	543.000000
1628.006310	543.666667
1629.887776	504.000000
1631.767031	486.333333
1633.647672	480.000000
1635.522509	472.333333
1637.402327	450.333333
1639.278141	490.666667
1641.153544	447.333333
1643.030333	519.000000
1644.901326	524.333333
1646.775500	477.333333
1648.645675	473.333333
1650.519032	439.000000
1652.390184	455.666667
1654.259136	471.000000
1656.129472	463.666667
1657.995816	429.000000
1659.863545	472.666667
1661.729075	408.000000
1663.595991	414.333333
1665.458918	445.333333
1667.323230	440.333333
1669.185346	462.000000
1671.047057	446.666667
1672.910154	487.000000
1674.771055	426.333333
1676.629764	451.333333
1678.488069	496.666667
1680.347759	441.000000
1682.201681	466.333333
1684.058777	441.666667
1685.915470	443.666667
1687.768186	445.666667
1689.624074	435.000000
1691.475988	413.666667
1693.327501	461.000000
1695.178613	430.000000
1697.029325	395.333333
1698.879635	384.333333
1700.727762	375.666667
1702.577273	416.666667
1704.421035	375.333333
1706.269746	408.333333
1708.112711	382.333333
1709.958843	395.333333
1711.801012	370.666667
1713.646347	401.666667
1715.485941	426.333333
1717.326919	418.333333
1719.169280	416.333333
1721.007685	400.333333
1722.847473	396.333333
1724.685086	351.333333
1726.522303	400.000000
1728.357347	413.000000
1730.193774	349.333333
1732.028029	382.333333
1733.861889	375.333333
1735.695355	378.666667
1737.524876	397.666667
1739.357555	385.000000
1741.186290	381.666667
1743.018182	374.333333
1744.846132	411.666667
1746.673691	396.333333
1748.500857	403.666667
1750.327632	411.000000
1752.154015	365.666667
1753.976462	369.000000
1755.802064	358.333333
1757.623731	378.666667
1759.446780	412.666667
1761.267667	382.333333
1763.088166	357.333333
1764.910045	408.000000
1766.726226	392.333333
1768.545558	339.666667
1770.360963	370.000000
1772.179518	399.333333
1773.994148	339.000000
1775.808391	383.000000
1777.622248	344.000000
1779.435718	350.666667
1781.247035	352.333333
1783.059732	345.666667
1784.872044	378.000000
1786.680438	422.333333
1788.490212	360.000000
1790.296072	350.333333
1792.105077	339.333333
1793.910169	339.666667
1795.716642	357.333333
1797.522731	368.000000
1799.324909	377.000000
1801.130232	383.666667
1802.931646	360.666667
1804.734440	356.333333
1806.533328	337.333333
1808.333597	360.000000
1810.133484	359.333333
1811.931229	374.000000
1813.728594	369.333333
1815.525579	382.666667
1817.322183	368.000000
1819.116648	392.000000
1820.912492	424.666667
1822.702681	444.000000
1824.497767	375.333333
1826.287201	354.333333
1828.079771	407.666667
1829.870206	384.666667
1831.658507	393.666667
1833.449943	416.666667
1835.235733	444.333333
1837.022903	448.333333
1838.807941	364.666667
1840.596113	425.333333
1842.380399	388.000000
1844.162555	445.000000
1845.946091	388.333333
1847.727498	453.000000
1849.510284	461.666667
1851.289189	425.666667
1853.069474	452.666667
1854.847632	467.000000
1856.627169	370.000000
1858.404581	407.666667
1860.179869	403.333333
1861.956535	454.333333
1863.731079	410.000000
1865.507001	434.666667
1867.277302	419.000000
1869.050731	458.333333
1870.822040	430.000000
1872.592978	440.666667
1874.365294	430.333333
1876.131996	420.333333
1877.901824	400.666667
1879.667788	386.666667
1881.436875	391.000000
1883.202101	386.666667
1884.966959	384.333333
1886.733194	364.000000
1888.495570	430.666667
1890.257579	393.000000
1892.019220	386.333333
1893.780495	405.666667
1895.541402	363.666667
1897.301943	384.666667
1899.060374	359.666667
1900.818439	389.333333
1902.574397	366.333333
1904.331731	367.000000
1906.088700	393.333333
1907.843562	362.666667
1909.596320	338.666667
1911.348713	346.666667
1913.102483	331.333333
1914.854149	345.333333
1916.603713	368.000000
1918.354652	308.000000
1920.105229	363.333333
1921.851966	336.333333
1923.600080	331.666667
1925.346094	351.333333
1927.093483	298.000000
1928.838775	356.333333
1930.581969	320.333333
1932.326538	350.666667
1934.069012	362.666667
1935.811125	350.666667
1937.552878	346.666667
1939.294271	350.666667
1941.033571	367.000000
1942.772512	359.666667
1944.511094	386.000000
1946.247585	395.333333
1947.983718	381.166667
1949.721225	367.000000
1951.454910	401.333333
1953.189970	359.666667
1954.922941	338.000000
1956.655556	385.000000
1958.387815	340.000000
1960.119717	351.333333
1961.849533	328.333333
1963.577264	337.666667
1965.306370	331.666667
1967.035121	332.333333
1968.761788	350.333333
1970.488101	386.333333
1972.215787	355.666667
1973.937937	368.666667
1975.663188	382.666667
1977.384632	374.333333
1979.109177	325.000000
1980.831641	362.666667
1982.550303	339.333333
1984.272063	354.666667
1985.990021	360.000000
1987.709352	326.666667
1989.424884	338.000000
1991.145236	349.000000
1992.861790	366.333333
1994.574547	352.666667
1996.290400	358.333333
1998.004181	325.666667
1999.717612	335.333333
2001.428972	311.333333
2003.141704	345.000000
2004.850646	371.666667
2006.562680	396.000000
2008.269206	404.333333
2009.978823	345.333333
2011.686374	378.000000
2013.393576	307.666667
2015.098713	310.333333
2016.803504	360.333333
2018.509666	321.666667
2020.212046	337.666667
2021.915797	428.666667
2023.617486	343.333333
2025.318830	340.333333
2027.019828	338.000000
2028.718765	360.666667
2030.419074	342.333333
2032.115608	292.333333
2033.813513	338.666667
2035.509359	335.666667
2037.208291	319.333333
2038.901737	334.000000
2040.596554	340.000000
2042.291029	354.666667
2043.981735	340.000000
2045.675525	302.333333
2047.365548	325.000000
2049.056942	331.000000
2050.746283	319.333333
2052.436994	334.666667
2054.123942	291.000000
2055.810551	360.333333
2057.498529	335.333333
2059.182748	352.000000
2060.868338	339.666667
2062.553588	335.666667
2064.236789	349.333333
2065.921361	371.666667
2067.600470	353.333333
2069.284364	341.333333
2070.962797	383.333333
2072.644308	375.000000
2074.322067	343.666667
2075.999490	366.333333
2077.678282	337.000000
2079.355032	342.333333
2081.029740	368.666667
2082.705817	346.000000
2084.379853	355.666667
2086.053555	337.333333
2087.726921	358.333333
2089.398248	366.666667
2091.069241	359.333333
2092.739900	376.000000
2094.410225	383.333333
2096.080216	381.333333
2097.748171	339.333333
2099.415793	352.000000
2101.081380	352.000000
2102.748336	377.000000
2104.413259	363.000000
2106.077850	341.666667
2107.740409	348.333333
2109.404336	338.666667
2111.066232	336.333333
2112.727798	328.000000
2114.389032	346.000000
2116.048238	318.333333
2117.707113	319.666667
2119.365659	356.666667
2121.023874	306.000000
2122.678367	290.333333
2124.335924	285.666667
2125.993152	318.000000
2127.646658	313.333333
2129.301532	318.000000
2130.952687	280.666667
2132.606905	363.666667
2134.257406	298.000000
2135.909273	285.666667
2137.555732	308.666667
2139.206946	300.666667
2140.854446	281.666667
2142.503313	303.333333
2144.150161	270.666667
2145.796684	302.000000
2147.442881	312.666667
2149.085370	352.666667
2150.730917	332.000000
2152.372757	305.666667
2154.017654	297.666667
2155.658845	335.666667
2157.299714	293.000000
2158.940258	301.666667
2160.578790	291.666667
2162.218688	311.666667
2163.854886	331.666667
2165.492450	328.000000
2167.129692	310.000000
2168.764924	334.666667
2170.399835	326.666667
2172.034423	323.333333
2173.668691	329.666667
2175.299265	320.333333
2176.932891	308.666667
2178.562825	293.666667
2180.194124	332.666667
2181.823418	348.000000
2183.452393	343.333333
2185.081048	354.333333
2186.709384	356.000000
2188.335718	330.000000
2189.961733	305.666667
2191.585746	356.666667
2193.211125	331.333333
2194.834503	345.000000
2196.459246	318.666667
2198.080308	333.666667
2199.701053	362.666667
2201.323163	356.000000
2202.943275	355.000000
2204.561390	322.000000
2206.179190	360.666667
2207.796675	372.333333
2209.413844	321.666667
2211.030698	330.000000
2212.647236	340.000000
2214.261782	337.000000
2215.874335	329.666667
2217.488252	339.666667
2219.100178	309.666667
2220.713467	299.333333
2222.324766	324.000000
2223.934075	295.666667
2225.544748	321.333333
2227.153432	316.333333
2228.761803	296.666667
2230.368188	355.000000
2231.975936	322.000000
2233.581697	336.666667
2235.187147	363.000000
2236.790612	323.666667
2238.395440	276.000000
2239.998284	293.000000
2241.599145	286.000000
2243.201369	281.666667
2244.801611	308.333333
2246.403215	332.333333
2248.001166	284.333333
2249.600480	297.666667
2251.197814	353.000000
2252.794840	304.666667
2254.393228	332.666667
2255.987967	311.333333
2257.580729	338.333333
2259.174854	289.000000
2260.770340	314.000000
2262.362181	312.666667
2263.953716	325.000000
2265.546613	310.000000
2267.134200	324.333333
2268.726483	322.333333
2270.313460	332.666667
2271.903464	316.666667
2273.488164	328.000000
2275.077558	305.666667
2276.661650	322.333333
2278.247102	326.000000
2279.830586	300.000000
2281.417095	292.000000
2282.999971	324.000000
2284.582544	285.000000
2286.164813	330.666667
2287.743452	337.333333
2289.325116	319.666667
2290.903151	341.333333
2292.484209	327.000000
2294.061640	335.166667
2295.637108	343.333333
2297.215598	303.333333
2298.790464	344.666667
2300.365029	299.666667
2301.939294	315.000000
2303.513258	319.000000
2305.086921	323.333333
2306.660285	314.000000
2308.230030	303.666667
2309.799476	262.000000
2311.371940	299.666667
2312.939130	333.000000
2314.509338	337.666667
2316.075931	329.333333
2317.643884	311.333333
2319.209881	317.333333
2320.775581	281.333333
2322.340983	270.333333
2323.904432	306.666667
2325.469240	310.333333
2327.030440	305.000000
2328.594654	336.666667
2330.153606	346.000000
2331.715573	316.666667
2333.275588	284.000000
2334.835309	300.000000
2336.393080	267.666667
2337.950556	281.333333
2339.507738	322.333333
2341.062972	274.666667
2342.617913	284.000000
2344.172559	307.000000
2345.726912	334.333333
2347.280972	291.666667
2348.834737	293.000000
2350.386558	368.666667
2351.936437	302.333333
2353.489323	304.000000
2355.036966	260.000000
2356.587618	267.333333
2358.134678	284.666667
2359.683096	344.666667
2361.231223	310.000000
2362.775761	304.333333
2364.321657	268.333333
2365.865615	264.000000
2367.410930	339.333333
2368.952660	308.333333
2370.495747	336.333333
2372.036898	279.666667
2373.577760	294.333333
2375.118333	266.666667
2376.658617	298.000000
2378.198612	288.333333
2379.735029	287.000000
2381.274447	278.000000
2382.810287	286.000000
2384.347485	267.333333
2385.881107	257.333333
2387.417729	271.333333
2388.952421	285.333333
2390.485183	276.000000
2392.017658	297.333333
2393.548205	309.666667
2395.081750	264.000000
2396.610084	288.000000
2398.139774	290.333333
2399.669179	251.000000
2401.198299	275.000000
2402.727134	275.000000
2404.250763	287.000000
2405.779028	289.333333
2407.302091	287.333333
2408.829787	317.333333
2410.350644	310.333333
2411.876134	299.000000
2413.398063	303.000000
2414.921348	271.000000
2416.442711	290.333333
2417.962155	286.666667
2419.482954	273.333333
2421.001835	270.333333
2422.520433	285.333333
2424.037114	305.000000
2425.555149	312.666667
2427.072903	278.666667
2428.587106	270.000000
2430.101028	271.000000
2431.614670	281.333333
2433.129667	313.333333
2434.641115	290.333333
2436.153918	289.666667
2437.664807	294.666667
2439.175418	332.000000
2440.684117	315.000000
2442.195802	305.333333
2443.703944	324.333333
2445.211808	300.666667
2446.719394	335.000000
2448.223439	357.666667
2449.730469	318.666667
2451.235591	330.000000
2452.740436	341.666667
2454.243374	317.666667
2455.746036	308.666667
2457.248421	323.333333
2458.748901	304.333333
2460.250734	335.000000
2461.750662	317.000000
2463.250315	344.000000
2464.749693	312.666667
2466.247168	279.666667
2467.742741	296.000000
2469.241294	325.333333
2470.736319	311.333333
2472.232696	292.666667
2473.725547	272.666667
2475.219751	294.333333
2476.713681	293.000000
2478.204087	324.000000
2479.697471	298.333333
2481.188957	291.000000
2482.678546	319.333333
2484.167863	334.000000
2485.655284	288.666667
2487.145681	325.333333
2488.632560	300.000000
2490.120790	286.666667
2491.605503	268.000000
2493.089947	310.000000
2494.575741	323.000000
2496.059644	305.333333
2497.544897	318.333333
2499.025017	254.333333
2500.508110	295.333333
2501.989312	285.000000
2503.470245	304.333333
2504.949289	288.333333
2506.428064	299.333333
2507.906571	294.666667
2509.384810	259.666667
2510.862780	257.000000
2512.337245	288.666667
2513.814680	235.000000
2515.288611	258.000000
2516.763892	248.666667
2518.238906	281.666667
2519.710419	245.666667
2521.183283	262.666667
2522.654264	251.000000
2524.126595	290.666667
2525.593812	264.333333
2527.063996	288.333333
2528.532299	235.666667
2530.000337	269.000000
2531.468110	273.666667
2532.935618	255.333333
2534.402861	259.000000
2535.866612	248.666667
2537.331713	274.000000
2538.794937	280.333333
2540.259510	232.666667
2541.720595	262.000000
2543.183029	245.333333
2544.645200	237.333333
2546.103885	239.666667
2547.567141	230.333333
2549.025302	259.000000
2550.484811	265.333333
2551.939226	258.000000
2553.398212	314.666667
2554.855326	289.000000
2556.310569	299.000000
2557.765550	311.333333
2559.218663	296.000000
2560.673124	269.333333
2562.125715	298.666667
2563.578047	281.000000
2565.028512	300.333333
2566.481932	281.000000
2567.930270	281.000000
2569.381563	292.333333
2570.830991	296.666667
2572.276946	317.666667
2573.725856	302.000000
2575.171296	308.000000
2576.618083	283.333333
2578.063008	294.666667
2579.507674	323.666667
2580.953688	272.000000
2582.396236	324.333333
2583.840131	281.333333
2585.280561	279.666667
2586.722338	268.000000
2588.162256	281.000000
2589.603521	292.333333
2591.041324	282.333333
2592.482077	270.666667
2593.917768	247.333333
2595.356408	284.666667
2596.793190	269.000000
2598.228117	267.333333
2599.665991	261.333333
2601.098808	319.000000
2602.532972	295.000000
2603.965282	291.666667
2605.398938	236.333333
2606.830741	252.333333
2608.262290	259.666667
2609.693587	276.333333
2611.123031	233.666667
2612.552223	255.000000
2613.979565	261.000000
2615.408252	264.000000
2616.836688	259.000000
2618.261676	268.666667
2619.688011	297.666667
2621.112497	293.000000
2622.538329	291.000000
2623.960717	336.666667
2625.384451	287.000000
2626.806338	304.000000
2628.227976	311.000000
2629.647768	288.333333
2631.068906	366.666667
2632.489794	347.000000
2633.907244	335.666667
2635.327633	401.333333
2636.744585	370.666667
2638.161288	332.333333
2639.577743	385.333333
2640.993950	387.666667
2642.409909	402.666667
2643.824027	422.333333
2645.237897	468.000000
2646.649929	468.666667
2648.063304	498.000000
2649.473250	484.000000
2650.886132	544.333333
2652.295585	561.666667
2653.704792	595.000000
2655.112163	618.666667
2656.522468	636.000000
2657.930938	690.000000
2659.337572	753.666667
2660.743961	768.333333
2662.148516	854.666667
2663.554415	869.666667
2664.958481	860.666667
2666.362302	964.333333
2667.765879	1002.333333
2669.167625	1039.000000
2670.570714	1062.000000
2671.970385	1101.333333
2673.371400	1126.333333
2674.768999	1073.333333
2676.169527	1138.333333
2677.566641	1137.000000
2678.965098	1091.000000
2680.361728	1079.666667
2681.758115	1058.333333
2683.154260	1000.000000
2684.548579	961.666667
2685.944241	850.666667
2687.336494	820.333333
2688.730089	774.000000
2690.121860	752.333333
2691.514974	673.333333
2692.906264	649.333333
2694.295731	623.666667
2695.684958	585.000000
2697.073946	532.000000
2698.464275	521.333333
2699.849621	473.333333
2701.237890	473.000000
2702.624339	453.333333
2704.010549	436.000000
2705.396520	427.666667
2706.779093	354.333333
2708.163008	378.333333
2709.546685	372.333333
2710.930123	342.333333
2712.310167	338.666667
2713.691551	320.666667
2715.071121	330.666667
2716.452031	294.666667
2717.831127	285.000000
2719.208409	299.333333
2720.587032	301.666667
2721.963842	264.000000
2723.340415	302.666667
2724.716753	293.000000
2726.091280	247.000000
2727.467147	311.666667
2728.839627	307.000000
2730.215023	291.333333
2731.585459	291.666667
2732.957236	261.666667
2734.328778	260.000000
2735.698512	277.666667
2737.069587	246.333333
2738.438853	244.000000
2739.807886	271.333333
2741.175113	276.333333
2742.542106	237.000000
2743.908867	244.666667
2745.275396	266.333333
2746.640119	284.333333
2748.004610	229.666667
2749.368870	263.000000
2750.732897	229.666667
2752.096693	247.333333
2753.457115	209.333333
2754.820447	240.333333
2756.178837	287.000000
2757.540137	247.333333
2758.898067	230.000000
2760.258905	222.000000
2761.617944	198.666667
2762.973614	236.333333
2764.332192	176.666667
2765.687403	234.333333
2767.042385	216.666667
2768.395571	203.666667
2769.751662	217.666667
2771.104390	227.666667
2772.456890	273.000000
2773.809161	203.000000
2775.162770	233.333333
2776.513019	185.000000
2777.861473	257.666667
2779.212833	224.333333
2780.560833	241.333333
2781.910171	256.000000
2783.257717	251.000000
2784.605037	238.333333
2785.952130	207.666667
2787.297432	243.666667
2788.642507	193.666667
2789.987357	209.333333
2791.331981	227.333333
2792.673253	223.333333
2794.015863	236.000000
2795.358247	248.666667
2796.700406	228.333333
2798.039216	251.333333
2799.380926	272.000000
2800.719288	256.666667
2802.058986	213.333333
2803.396900	261.000000
2804.733029	239.666667
2806.068934	253.000000
2807.406177	219.333333
2808.741636	254.666667
2810.076872	241.000000
2811.410325	252.000000
2812.745115	271.333333
2814.076565	230.666667
2815.410910	249.000000
2816.740357	219.666667
2818.071141	251.333333
2819.401703	218.666667
2820.730486	245.666667
2822.060605	247.333333
2823.388946	230.000000
2824.717066	229.666667
2826.043408	207.666667
2827.371087	270.333333
2828.695432	223.333333
2830.021114	216.666667
2831.345020	214.666667
2832.668707	188.666667
2833.993729	209.000000
2835.315421	239.333333
2836.636895	201.000000
2837.958150	236.000000
2839.279186	204.000000
2840.598449	175.666667
2841.919048	226.000000
2843.237876	225.333333
2844.556485	232.333333
2845.873323	215.333333
2847.189944	210.666667
2848.506348	206.000000
2849.820982	182.666667
2851.136952	222.333333
2852.449601	202.666667
2853.763585	201.000000
2855.077353	219.000000
2856.390904	209.333333
2857.702689	216.333333
2859.012707	196.000000
2860.324060	214.333333
2861.632098	213.000000
2862.941470	216.333333
2864.250628	191.000000
2865.559570	219.000000
2866.866748	206.000000
2868.172164	196.000000
2869.478913	189.666667
2870.783901	218.000000
2872.088675	228.333333
2873.391687	174.000000
2874.697580	215.666667
2875.998619	226.666667
2877.300992	199.333333
2878.601605	187.333333
2879.903552	192.666667
2881.205285	218.000000
2882.503715	194.666667
2883.803478	201.333333
2885.101484	157.666667
2886.399278	191.333333
2887.695316	210.000000
2888.992687	185.666667
2890.288302	194.333333
2891.583706	168.333333
2892.878899	189.000000
2894.170795	196.000000
2895.465567	177.333333
2896.757042	169.000000
2898.049850	189.666667
2899.342448	158.666667
2900.631752	182.666667
2901.922388	159.000000
2903.211273	170.666667
2904.501490	180.333333
2905.788416	168.333333
2907.076674	189.666667
2908.363183	189.666667
2909.649483	186.666667
2910.935576	199.000000
2912.219920	177.333333
2913.507135	192.000000
2914.789524	197.333333
2916.073245	194.333333
2917.355220	161.333333
2918.636987	171.333333
2919.917010	217.666667
2921.199902	208.333333
2922.481049	193.000000
2923.758914	186.000000
2925.039648	194.666667
2926.317101	193.333333
2927.594348	190.666667
2928.869853	195.333333
2930.148226	173.333333
2931.421785	183.666667
2932.698211	148.333333
2933.972896	194.333333
2935.245840	177.666667
2936.520116	184.333333
2937.792652	206.333333
2939.064983	151.000000
2940.334042	162.333333
2941.605966	176.333333
2942.876152	185.000000
2944.146134	198.666667
2945.415913	177.333333
2946.683956	188.333333
2947.950262	194.000000
2949.216367	158.000000
2950.483801	220.333333
2951.749501	160.000000
2953.014998	198.333333
2954.280293	160.000000
2955.542323	190.000000
2956.805683	167.666667
2958.068842	146.666667
2959.330269	166.000000
2960.593025	184.333333
2961.854049	176.666667
2963.113343	187.333333
2964.372437	202.333333
2965.631330	160.666667
2966.890023	173.666667
2968.148516	210.000000
2969.405280	209.666667
2970.661844	185.333333
2971.916681	230.000000
2973.172846	160.333333
2974.425757	183.000000
2975.679997	172.666667
2976.934037	153.666667
2978.186353	188.666667
2979.438469	191.000000
2980.688861	211.000000
2981.942108	128.666667
2983.190578	173.333333
2984.441903	173.666667
2985.689978	156.000000
2986.937857	203.000000
2988.185538	194.666667
2989.433022	174.333333
2990.678785	180.000000
2991.924352	182.333333
2993.171246	157.333333
2994.414896	176.666667
2995.659874	208.333333
2996.901608	188.000000
2998.146194	159.000000
2999.389061	145.000000
3000.628687	182.666667
3001.871163	171.333333
3003.110399	186.666667
3004.350963	197.666667
3005.589810	187.000000
3006.828463	156.666667
3008.065400	168.000000
3009.303665	175.666667
3010.540214	197.000000
3011.776570	166.333333
3013.012732	148.666667
3014.247180	168.666667
3015.481436	179.666667
3016.715498	166.000000
3017.947848	193.666667
3019.178486	166.000000
3020.411970	177.000000
3021.643742	165.666667
3022.873804	172.000000
3024.103673	213.666667
3025.331833	163.666667
3026.561320	190.333333
3027.789097	150.000000
3029.016683	154.666667
3030.245596	143.000000
3031.469766	155.333333
3032.696779	182.333333
3033.920568	158.333333
3035.145684	167.666667
3036.369093	173.000000
3037.592312	147.000000
3038.813826	158.666667
3040.038181	183.666667
3041.257801	175.333333
3042.478747	145.333333
3043.699504	167.000000
3044.918557	195.000000
3046.138935	185.333333
3047.356097	162.333333
3048.574585	179.666667
3049.791370	178.000000
3051.007968	170.333333
3052.224377	164.000000
3053.437574	213.333333
3054.653608	191.000000
3055.866430	147.333333
3057.082089	148.666667
3058.293025	156.333333
3059.505286	191.666667
3060.717361	217.000000
3061.929248	189.000000
3063.139439	177.666667
3064.349443	185.333333
3065.559261	163.333333
3066.767383	174.000000
3067.975320	170.000000
3069.181561	201.333333
3070.389127	183.000000
3071.594998	178.333333
3072.800685	173.666667
3074.006186	164.000000
3075.209994	195.000000
3076.415126	153.333333
3077.618565	206.333333
3078.820313	111.666667
3080.021876	149.000000
3081.223256	184.000000
3082.424452	139.000000
3083.623958	145.333333
3084.823281	145.666667
3086.023927	155.000000
3087.222883	139.333333
3088.418645	162.666667
3089.617236	168.333333
3090.812633	131.000000
3092.009353	158.000000
3093.202881	138.333333
3094.399237	136.333333
3095.593907	136.000000
3096.785385	140.666667
3097.981196	146.333333
3099.172312	121.333333
3100.364752	151.666667
3101.554004	143.000000
3102.746081	159.000000
3103.936475	150.000000
3105.123683	121.333333
3106.312213	138.666667
3107.502066	150.333333
3108.688735	125.000000
3109.875223	151.666667
3111.061533	128.666667
3112.249164	159.333333
3113.433613	142.333333
3114.616383	161.000000
3115.801975	162.333333
3116.985888	149.666667
3118.168122	141.666667
3119.350177	152.666667
3120.532054	146.333333
3121.713753	160.666667
3122.893775	153.333333
3124.072120	116.666667
3125.253285	142.333333
3126.431275	158.333333
3127.609089	155.000000
3128.786725	153.000000
3129.962686	136.000000
3131.138470	149.000000
3132.315576	130.000000
3133.491007	146.333333
3134.664765	125.333333
3135.836850	127.000000
3137.010257	151.333333
3138.183487	153.666667
3139.355046	145.666667
3140.527925	181.666667
3141.697637	143.333333
3142.868670	158.666667
3144.038033	135.666667
3145.205725	129.666667
3146.376233	129.666667
3147.542083	149.666667
3148.712241	137.000000
3149.877743	175.666667
3151.043070	142.000000
3152.208224	135.666667
3153.373205	134.666667
3154.539505	125.333333
3155.701153	168.000000
3156.864120	128.666667
3158.026915	163.333333
3159.189537	138.333333
3160.350494	146.666667
3161.511278	127.666667
3162.671890	126.666667
3163.830838	103.666667
3164.989615	167.666667
3166.148220	119.666667
3167.306652	126.000000
3168.464914	143.000000
3169.621513	124.333333
3170.776451	121.666667
3171.932708	150.666667
3173.087304	118.666667
3174.241730	127.000000
3175.394496	152.000000
3176.547091	122.000000
3177.699517	168.666667
3178.851773	137.333333
3180.003858	137.333333
3181.152798	148.666667
3182.304544	114.666667
3183.454632	160.333333
3184.603064	129.666667
3185.751326	126.333333
3186.899420	159.000000
3188.047345	115.333333
3189.193614	155.000000
3190.339715	146.333333
3191.484162	139.666667
3192.628441	158.666667
3193.772552	130.666667
3194.917980	102.333333
3196.060270	109.000000
3197.202393	155.333333
3198.344348	126.333333
3199.486136	148.333333
3200.627757	165.333333
3201.766243	154.333333
3202.906046	129.000000
3204.047167	131.000000
3205.185153	120.000000
3206.321490	163.000000
3207.457661	151.333333
3208.595149	103.333333
3209.730989	149.666667
3210.868146	140.666667
3212.000690	142.666667
3213.137516	158.666667
3214.269730	152.000000
3215.403261	133.000000
3216.536628	121.000000
3217.666867	158.000000
3218.799904	160.333333
3219.929815	138.333333
3221.061042	143.666667
3222.189145	123.000000
3223.320044	140.666667
3224.449299	143.666667
3225.576911	149.333333
3226.701400	140.333333
3227.830165	145.333333
3228.955808	158.000000
3230.081289	158.333333
3231.205128	156.333333
3232.331761	173.666667
3233.453797	153.666667
3234.577149	151.333333
3235.700339	138.333333
3236.823366	154.000000
3237.944755	204.666667
3239.065981	141.333333
3240.185570	176.666667
3241.304997	162.333333
3242.422786	136.333333
3243.543367	103.333333
3244.660835	182.333333
3245.778142	162.333333
3246.895289	141.666667
3248.010800	181.000000
3249.127625	137.666667
3250.241341	147.666667
3251.357846	134.666667
3252.472717	84.333333
3253.584479	151.666667
3254.696081	113.333333
3255.808999	93.333333
3256.921757	127.000000
3258.031409	113.666667
3259.142376	105.000000
3260.253184	112.333333
3261.362360	151.000000
3262.469906	105.666667
3263.578765	115.666667
3264.687467	142.333333
3265.793066	146.333333
3266.899979	101.333333
3268.005263	106.000000
3269.111861	135.666667
3270.215359	143.333333
3271.320172	126.666667
3272.424827	123.333333
3273.526383	129.000000
3274.627783	139.333333
3275.730497	142.000000
3276.833055	126.666667
3277.932516	140.333333
3279.034761	120.666667
3280.133910	99.333333
3281.231435	162.666667
3282.328804	152.666667
3283.428955	123.000000
3284.526014	106.333333
3285.622917	115.333333
3286.719665	152.333333
3287.811855	131.333333
3288.908293	136.333333
3290.003109	94.666667
3291.097771	116.000000
3292.190811	155.000000
3293.283696	105.000000
3294.374962	87.333333
3295.467539	113.000000
3296.558497	85.000000
3297.647835	103.333333
3298.737020	125.333333
3299.827518	139.000000
3300.914931	111.000000
3302.002191	124.000000
3303.090764	115.333333
3304.179185	137.666667
3305.263058	112.333333
3306.351173	84.333333
3307.436206	138.333333
3308.519624	109.333333
3309.604354	143.333333
3310.687468	123.000000
3311.771895	125.000000
3312.853243	74.666667
3313.935903	118.333333
3315.016949	119.000000
3316.097844	89.333333
3317.177125	114.666667
3318.256256	84.000000
3319.336699	149.666667
3320.414067	110.000000
3321.492747	99.000000
3322.569815	128.333333
3323.646734	115.000000
3324.722041	115.000000
3325.797199	111.666667
3326.873668	97.666667
3327.947067	155.666667
3329.020317	107.000000
3330.094877	123.333333
3331.167829	112.000000
3332.239172	132.000000
3333.311826	95.000000
3334.381414	136.333333
3335.452312	123.666667
3336.521603	121.666667
3337.592205	94.000000
3338.661200	116.333333
3339.728589	128.666667
3340.794373	132.666667
3341.864383	142.333333
3342.931330	121.333333
3343.995215	106.000000
3345.061868	84.666667
3346.126916	111.333333
3347.190361	88.666667
3348.253660	102.666667
3349.316812	117.000000
3350.379818	157.333333
3351.442678	111.666667
3352.503936	134.000000
3353.562137	120.000000
3354.624558	131.666667
3355.683924	111.333333
3356.743144	123.000000
3357.803673	88.000000
3358.859694	107.666667
3359.918478	91.666667
3360.972755	136.333333
3362.029796	102.333333
3363.085238	78.333333
3364.141990	107.666667
3365.197143	90.000000
3366.250699	113.666667
3367.302659	103.333333
3368.357380	98.000000
3369.409052	93.333333
3370.460581	128.333333
3371.513418	119.333333
3372.563208	88.000000
3373.614307	144.666667
3374.662360	132.666667
3375.713172	56.333333
3376.760940	95.000000
3377.808565	93.333333
3378.856047	119.000000
3379.901937	93.666667
3380.949135	113.333333
3381.993291	102.333333
3383.040205	125.666667
3384.085527	85.666667
3385.127808	83.666667
3386.169949	108.666667
3387.213397	102.333333
3388.256704	115.666667
3389.298422	123.000000
3390.339998	132.333333
3391.381433	100.333333
3392.421280	99.000000
3393.459538	101.333333
3394.499104	111.333333
3395.538530	69.666667
3396.576368	88.333333
3397.612619	111.666667
3398.648731	77.666667
3399.686150	114.000000
3400.720536	95.333333
3401.756229	105.666667
3402.791783	111.333333
3403.824306	105.000000
3404.859582	110.666667
3405.891827	109.666667
3406.923934	103.666667
3407.954457	99.000000
3408.986287	103.000000
3410.017979	106.333333
3411.046643	118.666667
3412.075170	109.333333
3413.105003	80.666667
3414.134699	90.333333
3415.161369	96.000000
3416.189346	128.666667
3417.214298	83.666667
3418.242000	93.666667
3419.266679	84.333333
3420.292664	65.333333
3421.317069	89.333333
3422.341338	68.000000
3423.364028	109.000000
3424.386582	103.666667
3425.410442	106.666667
3426.431282	87.333333
3427.451986	103.000000
3428.473997	87.333333
3429.492989	133.333333
3430.511845	112.000000
3431.532008	70.000000
3432.549154	85.000000
