-118.448435	0.400000
-115.778835	-5.800000
-113.112170	3.000000
-110.446257	-5.300000
-107.783276	-1.900000
-105.118866	17.200000
-102.457386	1.600000
-99.794476	0.000000
-97.136674	-9.200000
-94.477441	2.300000
-91.818958	-6.500000
-89.163398	-0.600000
-86.506410	2.200000
-83.854519	3.700000
-81.201199	2.700000
-78.550799	-0.800000
-75.898969	1.800000
-73.252230	-6.400000
-70.604061	-1.300000
-67.956636	-5.400000
-65.312124	-5.300000
-62.666184	6.500000
-60.025325	-11.500000
-57.383037	0.200000
-54.743657	1.600000
-52.102849	18.500000
-49.462781	-11.300000
-46.827785	4.600000
-44.191360	-0.900000
-41.557839	-8.700000
-38.922889	-2.800000
-36.293004	16.100000
-33.659527	2.700000
-31.031112	11.400000
-28.403430	5.300000
-25.774321	20.600000
-23.150268	-2.700000
-20.522626	19.800000
-17.900037	31.300000
-15.278180	23.300000
-12.657053	35.900000
-10.036656	93.000000
-7.419147	269.700000
-4.800210	899.200000
-2.184159	2465.900000
0.431164	2912.900000
3.045760	1512.300000
5.657473	236.800000
8.270615	36.700000
10.878723	9.000000
13.490413	-1.200000
16.097072	11.000000
18.705159	-0.200000
21.312522	4.400000
23.914860	9.200000
26.520776	-4.800000
29.121670	-5.600000
31.723992	0.100000
34.321297	2.500000
36.922177	13.100000
39.518043	-5.500000
42.115336	0.000000
44.711910	-0.300000
47.303475	24.700000
49.896468	-5.000000
52.486600	25.900000
55.078160	3.700000
57.666860	17.200000
60.256987	10.100000
62.842116	-7.500000
65.428671	-11.400000
68.014513	11.300000
70.597501	-9.000000
73.181915	24.500000
75.759201	-3.800000
78.340053	21.200000
80.918056	12.800000
83.495349	-12.400000
86.074068	-10.400000
88.647806	4.300000
91.222970	5.300000
93.795291	-1.500000
96.366904	-1.800000
98.935677	11.100000
101.505877	0.600000
104.073239	-6.000000
106.642026	-1.600000
109.207977	14.600000
111.771093	4.400000
114.337765	21.000000
116.895216	28.800000
119.458352	14.000000
122.016529	16.200000
124.578259	32.000000
127.135034	46.500000
129.693234	67.900000
132.246482	85.500000
134.799031	125.800000
137.355131	185.100000
139.906284	235.000000
142.456738	287.600000
145.006496	348.500000
147.553434	343.700000
150.099676	378.900000
152.647344	407.500000
155.194317	420.200000
157.736353	431.900000
160.277696	420.600000
162.818346	412.100000
165.360422	412.000000
167.899687	412.800000
170.436142	399.000000
172.971907	426.200000
175.509097	407.800000
178.045595	380.800000
180.579288	415.200000
183.110178	401.900000
185.640379	404.300000
188.172005	380.500000
190.700830	385.900000
193.226856	390.200000
195.752197	388.700000
198.278962	406.200000
200.802930	389.200000
203.326214	390.500000
205.848813	388.500000
208.368619	405.800000
210.887742	384.100000
213.406182	388.000000
215.926046	408.100000
218.438909	403.700000
220.955303	399.900000
223.471015	429.200000
225.981838	410.100000
228.494085	392.200000
231.003549	392.400000
233.512335	416.400000
236.020443	400.600000
238.529974	403.500000
241.034625	418.700000
243.538601	419.700000
246.044000	424.400000
248.544524	399.500000
251.048571	451.800000
253.545648	380.700000
256.046247	435.800000
258.544075	435.000000
261.041230	450.500000
263.537712	433.400000
266.029331	450.000000
268.524470	447.500000
271.016843	476.500000
273.508545	486.400000
275.997483	511.300000
278.487846	531.500000
280.975447	581.400000
283.460288	604.100000
285.948643	722.800000
288.430059	878.900000
290.914989	1198.600000
293.395074	1722.900000
295.878671	2448.900000
298.357425	3044.700000
300.837603	2941.100000
303.315028	2069.200000
305.791790	1247.300000
308.267889	846.900000
310.741239	672.100000
313.213927	581.600000
315.685954	554.000000
318.157320	551.400000
320.625942	538.400000
323.093904	507.200000
325.563289	501.100000
328.027850	481.000000
330.495916	474.800000
332.959162	459.800000
335.421750	464.200000
337.883682	474.000000
340.344957	475.300000
342.803498	459.100000
345.263461	490.500000
347.720691	460.900000
350.177267	453.600000
352.633189	471.900000
355.086382	460.400000
357.540996	478.500000
359.990809	463.000000
362.444119	448.400000
364.892629	469.500000
367.340489	439.500000
369.789770	441.500000
372.234258	455.700000
374.680168	469.800000
377.125429	424.400000
379.567970	445.500000
382.009864	437.800000
384.451111	451.200000
386.889642	425.500000
389.329595	445.800000
391.766834	424.600000
394.201361	431.500000
396.639376	437.100000
399.072614	432.300000
401.507274	436.600000
403.937160	432.500000
406.370532	445.000000
408.799134	431.700000
411.227095	431.300000
413.656476	461.100000
416.081092	443.000000
418.507130	434.200000
420.932527	438.500000
423.357284	443.500000
425.777283	459.200000
428.198703	438.700000
430.617426	433.900000
433.037570	459.600000
435.455019	457.000000
437.873888	447.400000
440.290064	465.000000
442.701493	448.800000
445.116398	482.600000
447.528613	444.600000
449.940194	448.700000
452.351141	466.500000
454.759402	492.500000
457.167030	466.600000
459.574027	468.100000
461.980391	476.500000
464.384073	444.800000
466.787125	484.900000
469.189547	459.100000
471.591340	439.500000
473.990454	448.000000
476.390988	457.300000
478.790893	457.600000
481.186075	461.800000
483.584724	433.200000
485.978653	441.600000
488.371956	445.900000
490.764633	416.100000
493.156685	433.000000
495.550156	443.200000
497.938914	409.000000
500.325006	433.400000
502.712518	399.500000
505.099406	436.700000
507.483631	423.300000
509.869275	396.500000
512.252256	412.000000
514.632577	404.400000
517.014317	395.800000
519.393398	400.400000
521.773898	385.000000
524.151740	384.900000
526.526927	400.100000
528.901496	413.000000
531.277484	397.300000
533.650818	412.400000
536.025570	388.300000
538.395637	405.800000
540.765088	406.700000
543.135957	415.900000
545.502146	409.400000
547.869753	428.700000
550.234714	426.900000
552.599062	426.400000
554.962798	421.300000
557.327951	431.300000
559.688431	436.100000
562.050330	405.800000
564.409589	413.500000
566.766209	441.300000
569.126274	410.300000
571.479649	424.400000
573.836468	417.800000
576.190651	452.100000
578.544227	413.500000
580.897194	431.200000
583.247530	419.200000
585.599282	434.300000
587.944358	401.700000
590.294898	405.100000
592.638765	397.500000
594.988092	374.800000
597.332772	401.600000
599.674826	402.200000
602.018298	397.000000
604.359147	378.600000
606.699394	388.000000
609.037020	373.200000
611.378081	376.300000
613.714504	385.100000
616.052345	365.000000
618.387567	398.800000
620.720174	371.900000
623.054197	385.900000
625.385607	381.700000
627.716418	346.600000
630.046631	372.900000
632.376246	385.600000
634.701239	365.300000
637.031673	367.400000
639.357485	355.300000
641.680691	402.100000
644.005312	385.200000
646.327329	374.300000
648.648751	381.300000
650.967570	384.500000
653.287805	375.800000
655.607447	406.000000
657.924488	372.400000
660.240937	367.400000
662.554788	354.500000
664.870055	379.700000
667.182725	375.000000
669.496810	393.300000
671.806295	371.000000
674.117196	370.100000
676.425504	360.700000
678.733224	377.500000
681.042359	405.800000
683.346901	389.700000
685.650856	379.500000
687.954226	417.900000
690.259010	386.100000
692.559208	391.600000
694.860820	376.200000
697.161848	376.800000
699.458293	378.800000
701.756154	393.500000
704.053431	376.700000
706.350125	401.100000
708.642243	376.500000
710.937772	379.400000
713.228728	389.900000
715.521098	391.700000
717.810892	400.000000
720.100107	397.600000
722.388741	396.100000
724.674804	387.500000
726.962280	386.000000
729.247186	376.700000
731.531513	374.300000
733.813272	378.800000
736.096445	385.600000
738.379041	407.500000
740.657082	391.000000
742.936536	385.500000
745.215415	402.900000
747.493718	392.900000
749.767472	396.800000
752.042640	410.900000
754.317234	415.500000
756.589268	402.500000
758.862716	394.000000
761.133606	404.100000
763.401940	424.800000
765.671687	409.000000
767.938880	390.600000
770.205502	387.300000
772.471555	415.000000
774.735055	421.300000
776.999969	404.400000
779.264313	425.000000
781.524128	401.000000
783.785356	416.000000
786.046015	392.700000
788.304129	414.600000
790.559698	416.800000
792.818658	420.100000
795.071119	402.600000
797.328947	417.100000
799.582255	397.900000
801.833024	430.000000
804.085205	434.600000
806.334848	420.500000
808.585902	415.300000
810.832445	432.400000
813.080400	418.500000
815.325821	425.200000
817.572653	392.300000
819.818924	400.300000
822.060691	377.000000
824.305840	424.100000
826.544517	399.700000
828.786577	408.800000
831.024138	449.500000
833.263110	406.000000
835.499556	409.100000
837.737413	435.000000
839.972745	406.400000
842.205554	433.400000
844.439774	388.400000
846.671472	413.500000
848.902615	412.800000
851.133203	402.800000
853.363236	420.700000
855.592716	425.400000
857.817714	407.500000
860.046087	418.200000
862.269981	421.800000
864.495285	409.100000
866.716114	432.300000
868.940315	419.000000
871.160043	406.800000
873.381182	421.800000
875.601770	405.200000
877.819848	424.000000
880.039337	390.200000
882.254359	427.700000
884.468833	421.900000
886.682760	427.900000
888.896139	424.800000
891.108971	421.900000
893.321257	417.800000
895.531040	413.700000
897.740278	420.600000
899.948971	421.200000
902.155165	439.800000
904.362768	430.400000
906.567874	408.100000
908.772436	400.500000
910.974502	416.600000
913.177978	438.600000
915.378960	432.300000
917.579401	429.200000
919.781249	441.700000
921.976707	448.300000
924.175524	408.600000
926.369902	444.600000
928.567638	428.000000
930.760938	416.700000
932.955647	459.900000
935.147870	440.300000
937.339555	416.300000
939.530702	423.600000
941.719366	429.100000
943.907493	456.300000
946.093140	429.500000
948.282139	442.800000
950.466715	442.100000
952.650756	452.400000
954.838147	408.300000
957.017234	462.500000
959.199672	452.800000
961.381576	462.900000
963.561006	455.200000
965.737963	465.200000
967.916327	422.500000
970.096099	475.400000
972.269522	458.200000
974.446291	464.700000
976.618653	467.900000
978.792423	482.300000
980.961789	472.900000
983.134500	482.500000
985.304744	449.400000
987.474460	461.100000
989.643647	451.400000
991.808437	500.200000
993.976568	494.500000
996.140305	487.100000
998.305448	466.400000
1000.468133	496.100000
1002.630291	455.100000
1004.789993	490.400000
1006.949171	489.000000
1009.109755	468.400000
1011.267884	483.100000
1013.425489	500.400000
1015.582571	474.000000
1017.739130	481.600000
1019.891309	496.000000
1022.044894	493.000000
1024.197958	460.100000
1026.348574	479.500000
1028.500595	461.200000
1030.648243	508.000000
1032.799223	469.900000
1034.945832	457.400000
1037.091923	484.500000
1039.237494	487.400000
1041.384471	490.400000
1043.525159	509.500000
1045.669177	462.600000
1047.810754	505.600000
1049.951815	522.800000
1052.094280	493.400000
1054.230466	477.900000
1056.369978	482.700000
1058.505134	492.300000
1060.643615	520.400000
1062.777742	487.800000
1064.911356	488.100000
1067.046375	484.000000
1069.177044	487.600000
1071.309118	491.500000
1073.438763	514.900000
1075.567896	494.600000
1077.696517	504.100000
1079.824627	504.600000
1081.950311	505.000000
1084.075485	494.700000
1086.202063	482.300000
1088.324304	485.000000
1090.447948	491.600000
1092.567259	476.200000
1094.691798	489.400000
1096.810092	485.500000
1098.929791	533.000000
1101.047071	475.100000
1103.163845	481.700000
1105.280112	495.900000
1107.393964	492.300000
1109.509219	487.100000
1111.620152	499.600000
1113.734396	499.400000
1115.844320	496.800000
1117.955648	472.800000
1120.066471	491.900000
1122.172979	497.600000
1124.282795	518.800000
1126.388297	483.100000
1128.495202	499.800000
1130.595892	491.800000
1132.701794	502.900000
1134.803387	477.200000
1136.906383	510.500000
1139.008878	471.700000
1141.105166	497.400000
1143.206662	491.900000
1145.303855	498.200000
1147.400549	484.900000
1149.496745	486.600000
1151.592444	491.100000
1153.687645	508.800000
1155.780449	463.200000
1157.874655	464.900000
1159.962670	467.500000
1162.055883	502.700000
1164.142908	476.400000
1166.233232	473.900000
1168.319269	466.800000
1170.408603	484.800000
1172.491756	489.400000
1174.576311	508.000000
1176.662268	488.800000
1178.743943	506.200000
1180.827020	494.200000
1182.907711	488.700000
1184.987910	484.200000
1187.067618	488.400000
1189.146835	481.800000
1191.223670	501.100000
1193.298124	504.700000
1195.375870	477.300000
1197.449345	496.500000
1199.524221	500.900000
1201.594830	494.400000
1203.666841	498.200000
1205.736475	498.500000
1207.807510	493.500000
1209.878057	492.100000
1211.944343	500.000000
1214.012030	497.500000
1216.077345	489.200000
1218.144060	497.300000
1220.206519	510.600000
1222.272263	478.600000
1224.333754	502.600000
1226.396644	516.400000
1228.457167	495.300000
1230.517206	500.200000
1232.576763	528.000000
1234.633954	497.700000
1236.690664	517.100000
1238.745011	499.300000
1240.802638	493.900000
1242.857903	495.000000
1244.908927	504.400000
1246.961351	509.300000
1249.013295	504.500000
1251.062881	491.400000
1253.111988	510.900000
1255.160617	505.300000
1257.208767	515.300000
1259.256439	500.400000
1261.299880	500.500000
1263.346596	511.700000
1265.390959	506.100000
1267.434846	515.400000
1269.476382	515.500000
1271.515567	479.600000
1273.558026	527.300000
1275.596262	486.800000
1277.635897	518.200000
1279.675057	495.600000
1281.709998	498.100000
1283.746339	502.500000
1285.780334	502.800000
1287.815728	487.300000
1289.846908	507.100000
1291.879487	480.800000
1293.911593	508.300000
1295.941359	492.600000
1297.972523	507.000000
1299.999479	499.200000
1302.027833	509.300000
1304.051983	526.300000
1306.079397	516.200000
1308.102609	512.200000
1310.127219	528.300000
1312.149495	522.300000
1314.173168	524.400000
1316.194508	521.900000
1318.215380	505.500000
1320.235786	494.500000
1322.251997	508.400000
1324.269606	500.500000
1326.284888	515.700000
1328.303427	509.700000
1330.317778	535.400000
1332.329803	519.600000
1334.345085	535.800000
1336.356182	498.200000
1338.368676	511.600000
1340.376987	521.500000
1342.388554	501.000000
1344.394081	510.300000
1346.402864	479.300000
1348.407469	506.500000
1350.415328	542.400000
1352.422725	503.100000
1354.424091	526.800000
1356.426854	523.500000
1358.429156	516.400000
1360.430999	490.000000
1362.432382	502.200000
1364.431452	525.300000
1366.430063	533.900000
1368.428216	521.800000
1370.425911	528.400000
1372.419442	510.100000
1374.414370	520.700000
1376.408841	507.700000
1378.402855	524.900000
1380.394561	506.000000
1382.385813	523.200000
1384.374759	537.900000
1386.365100	520.800000
1388.354986	523.900000
1390.342569	525.400000
1392.329697	537.100000
1394.314525	542.500000
1396.300746	521.000000
1398.284668	545.100000
1400.268137	519.900000
1402.251154	538.700000
1404.231872	523.400000
1406.213986	491.300000
1408.193802	535.100000
1410.173168	525.300000
1412.148394	514.000000
1414.126860	513.300000
1416.103031	535.200000
1418.078754	535.900000
1420.054027	491.700000
1422.027009	526.200000
1423.999543	530.100000
1425.971630	547.100000
1427.943268	513.200000
1429.910778	525.400000
1431.883363	523.700000
1433.848141	543.300000
1435.817991	554.900000
1437.783718	530.200000
1439.750837	520.000000
1441.715673	544.800000
1443.676390	508.600000
1445.642174	528.300000
1447.602003	537.100000
1449.563225	556.600000
1451.525840	538.800000
1453.484340	549.100000
1455.442398	538.700000
1457.400013	565.000000
1459.357187	522.700000
1461.312085	541.500000
1463.268375	551.600000
1465.222391	541.600000
1467.175967	545.000000
1469.127270	534.600000
1471.079965	535.600000
1473.030389	529.700000
1474.980373	529.600000
1476.929919	534.700000
1478.877196	500.700000
1480.822206	523.900000
1482.768607	514.100000
1484.714572	530.100000
1486.660098	528.200000
1488.603360	526.300000
1490.546185	534.900000
1492.486747	519.600000
1494.428700	532.500000
1496.368392	523.400000
1498.307648	505.700000
1500.246469	540.400000
1502.183031	542.600000
1504.120984	555.800000
1506.056679	526.400000
1507.991939	533.100000
1509.924944	530.900000
1511.857516	540.600000
1513.789656	538.600000
1515.721364	544.700000
1517.650818	541.600000
1519.581663	535.700000
1521.512077	558.800000
1523.438417	528.500000
1525.366149	521.600000
1527.291630	519.800000
1529.216682	535.700000
1531.141305	547.600000
1533.065499	530.400000
1534.987446	553.800000
1536.910782	540.600000
1538.831873	557.500000
1540.750719	532.300000
1542.670955	554.100000
1544.588947	536.800000
1546.506513	547.300000
1548.421837	535.200000
1550.338551	580.700000
1552.251210	532.100000
1554.167073	539.800000
1556.080696	525.700000
1557.992082	540.200000
1559.904856	572.200000
1561.813581	545.700000
1563.723696	550.100000
1565.633387	554.900000
1567.542654	548.900000
1569.449688	559.800000
1571.354489	540.600000
1573.260679	551.200000
1575.164637	525.600000
1577.068175	515.500000
1578.971291	537.200000
1580.872179	552.500000
1582.774454	528.100000
1584.674502	527.100000
1586.575937	554.300000
1588.473339	558.800000
1590.370322	523.700000
1592.266887	545.500000
1594.164840	518.600000
1596.056958	533.200000
1597.952269	532.000000
1599.847163	537.900000
1601.739835	537.400000
1603.632091	549.200000
1605.522126	526.100000
1607.411747	547.900000
1609.300951	534.800000
1611.189741	536.300000
1613.076314	530.900000
1614.964273	526.900000
1616.848216	545.400000
1618.733547	556.500000
1620.618463	552.000000
1622.501166	539.700000
1624.385256	557.800000
1626.265335	561.500000
1628.146800	556.800000
1630.026055	536.100000
1631.906696	539.400000
1633.781533	544.000000
1635.661352	549.000000
1637.537165	533.100000
1639.412568	542.100000
1641.289358	533.100000
1643.160350	533.600000
1645.034524	562.800000
1646.904700	540.200000
1648.778056	565.500000
1650.649209	535.600000
1652.518160	535.000000
1654.388497	545.000000
1656.254840	516.500000
1658.122569	527.500000
1659.988100	531.000000
1661.855015	558.500000
1663.717942	535.500000
1665.582254	507.100000
1667.444370	540.900000
1669.306082	523.700000
1671.169178	529.700000
1673.030080	544.900000
1674.888788	519.600000
1676.747093	499.700000
1678.606783	539.700000
1680.460706	540.300000
1682.317801	530.900000
1684.174494	538.300000
1686.027211	527.500000
1687.883098	555.300000
1689.735012	511.700000
1691.586525	533.400000
1693.437637	538.000000
1695.288349	527.900000
1697.138660	519.100000
1698.986787	530.300000
1700.836297	515.800000
1702.680059	510.600000
1704.528770	530.400000
1706.371736	509.700000
1708.217867	515.400000
1710.060037	519.000000
1711.905371	515.800000
1713.744965	498.000000
1715.585943	528.300000
1717.428304	539.400000
1719.266709	511.800000
1721.106497	523.300000
1722.944110	542.000000
1724.781327	510.800000
1726.616371	518.200000
1728.452798	492.600000
1730.287053	496.600000
1732.120913	524.900000
1733.954380	522.100000
1735.783900	525.800000
1737.616579	514.500000
1739.445314	510.700000
1741.277207	535.900000
1743.105157	516.100000
1744.932715	528.900000
1746.759881	517.500000
1748.586656	534.800000
1750.413040	498.400000
1752.235487	522.900000
1754.061088	496.400000
1755.882755	537.100000
1757.705804	514.800000
1759.526692	527.600000
1761.347190	506.600000
1763.169070	516.600000
1764.985250	518.600000
1766.804582	514.300000
1768.619987	513.800000
1770.438542	526.200000
1772.253172	493.300000
1774.067416	544.500000
1775.881272	508.800000
1777.694742	508.000000
1779.506059	520.600000
1781.318757	524.300000
1783.131068	531.800000
1784.939462	506.600000
1786.749237	523.000000
1788.555096	539.900000
1790.364101	517.100000
1792.169193	557.400000
1793.975666	534.600000
1795.781755	520.100000
1797.583934	503.900000
1799.389256	526.600000
1801.190670	521.700000
1802.993464	531.200000
1804.792352	513.000000
1806.592621	525.700000
1808.392508	521.200000
1810.190254	533.200000
1811.987618	509.000000
1813.784603	532.700000
1815.581207	497.800000
1817.375672	529.500000
1819.171516	502.100000
1820.961706	513.700000
1822.756792	497.600000
1824.546225	511.600000
1826.338795	508.900000
1828.129230	503.700000
1829.917531	501.700000
1831.708967	523.000000
1833.494757	516.700000
1835.281927	514.000000
1837.066965	494.500000
1838.855137	505.000000
1840.639423	509.600000
1842.421580	536.500000
1844.205115	522.800000
1845.986522	527.800000
1847.769308	518.600000
1849.548214	526.200000
1851.328498	531.500000
1853.106656	521.700000
1854.886193	526.200000
1856.663605	515.700000
1858.438893	518.200000
1860.215560	533.300000
1861.990103	507.100000
1863.766025	506.900000
1865.536326	510.800000
1867.309755	502.900000
1869.081064	527.300000
1870.852003	544.500000
1872.624318	548.600000
1874.391020	521.900000
1876.160848	518.300000
1877.926812	509.300000
1879.695900	535.400000
1881.461126	501.800000
1883.225983	493.800000
1884.992218	532.600000
1886.754594	514.700000
1888.516603	504.400000
1890.278244	482.900000
1892.039519	516.700000
1893.800426	488.800000
1895.560967	513.600000
1897.319398	500.100000
1899.077464	496.700000
1900.833421	490.600000
1902.590756	510.500000
1904.347724	523.500000
1906.102587	519.000000
1907.855344	518.400000
1909.607738	501.500000
1911.361507	512.300000
1913.113173	490.600000
1914.862737	490.000000
1916.613677	510.500000
1918.364253	493.500000
1920.110990	494.500000
1921.859104	516.300000
1923.605118	495.000000
1925.352508	506.300000
1927.097799	498.600000
1928.840993	490.500000
1930.585563	530.200000
1932.328036	493.600000
1934.070149	493.500000
1935.811902	503.200000
1937.553296	489.700000
1939.292596	496.800000
1941.031536	517.000000
1942.770119	515.600000
1944.506609	529.000000
1946.242742	528.200000
1947.980249	527.400000
1949.713934	499.900000
1951.448994	495.600000
1953.181966	513.100000
1954.914581	527.600000
1956.646839	506.100000
1958.378741	530.100000
1960.108557	506.000000
1961.836289	493.300000
1963.565394	504.600000
1965.294145	511.500000
1967.020812	500.900000
1968.747125	516.300000
1970.474811	545.000000
1972.196961	517.400000
1973.922212	485.000000
1975.643657	517.100000
1977.368201	494.100000
1979.090666	512.600000
1980.809327	497.500000
1982.531087	506.800000
1984.249045	504.900000
1985.968376	510.200000
1987.683908	510.300000
1989.404261	509.700000
1991.120814	501.100000
1992.833571	509.700000
1994.549425	553.500000
1996.263205	535.800000
1997.976636	522.600000
1999.687996	542.400000
2001.400729	527.500000
2003.109670	522.100000
2004.821705	537.000000
2006.528230	523.900000
2008.237848	519.300000
2009.945398	512.100000
2011.652601	515.900000
2013.357738	506.900000
2015.062528	502.900000
2016.768690	525.600000
2018.471070	515.200000
2020.174822	526.700000
2021.876510	503.900000
2023.577854	520.700000
2025.278852	494.700000
2026.977790	519.800000
2028.678098	509.500000
2030.374632	499.800000
2032.072537	519.600000
2033.768383	505.100000
2035.467315	504.700000
2037.160761	540.500000
2038.855579	486.900000
2040.550053	514.700000
2042.240759	498.400000
2043.934549	534.200000
2045.624572	522.400000
2047.315966	504.900000
2049.005307	508.400000
2050.696018	518.200000
2052.382966	503.400000
2054.069575	504.300000
2055.757554	515.700000
2057.441773	496.600000
2059.127362	505.300000
2060.812612	506.500000
2062.495814	507.600000
2064.180385	495.700000
2065.859494	514.200000
2067.543388	530.500000
2069.221822	508.200000
2070.903332	510.800000
2072.581092	512.100000
2074.258514	498.900000
2075.937306	508.400000
2077.614056	506.200000
2079.288764	501.500000
2080.964841	509.100000
2082.638878	499.100000
2084.312579	516.300000
2085.985945	499.400000
2087.657273	510.800000
2089.328266	507.300000
2090.998925	516.300000
2092.669249	503.700000
2094.339240	501.000000
2096.007195	478.200000
2097.674817	503.200000
2099.340404	511.400000
2101.007361	504.400000
2102.672283	508.300000
2104.336874	542.700000
2105.999433	483.100000
2107.663360	530.200000
2109.325257	515.600000
2110.986822	529.700000
2112.648056	512.400000
2114.307262	511.900000
2115.966137	500.400000
2117.624683	507.300000
2119.282899	516.700000
2120.937391	509.200000
2122.594948	506.100000
2124.252176	526.700000
2125.905682	494.800000
2127.560556	534.300000
2129.211712	516.700000
2130.865929	507.900000
2132.516430	507.100000
2134.168297	493.300000
2135.814756	510.200000
2137.465970	500.000000
2139.113470	511.300000
2140.762337	526.100000
2142.409186	497.300000
2144.055708	514.300000
2145.701905	493.900000
2147.344394	511.200000
2148.989941	520.000000
2150.631781	521.900000
2152.276678	500.100000
2153.917870	511.900000
2155.558738	523.600000
2157.199282	499.200000
2158.837814	499.200000
2160.477712	514.000000
2162.113910	505.000000
2163.751475	507.000000
2165.388716	486.400000
2167.023948	510.700000
2168.658859	506.600000
2170.293448	527.600000
2171.927715	478.300000
2173.558289	517.300000
2175.191915	479.400000
2176.821849	507.700000
2178.453148	497.700000
2180.082442	492.400000
2181.711417	471.000000
2183.340073	503.500000
2184.968409	482.700000
2186.594742	503.800000
2188.220757	468.700000
2189.844771	477.700000
2191.470149	477.500000
2193.093528	531.700000
2194.718270	497.100000
2196.339332	507.200000
2197.960077	496.400000
2199.582187	514.000000
2201.202299	503.600000
2202.820414	484.500000
2204.438214	492.200000
2206.055699	482.400000
2207.672868	466.800000
2209.289722	500.500000
2210.906261	492.800000
2212.520806	488.800000
2214.133359	495.200000
2215.747276	505.400000
2217.359202	491.500000
2218.972491	502.000000
2220.583790	495.700000
2222.193099	501.000000
2223.803772	472.800000
2225.412456	495.200000
2227.020828	485.900000
2228.627212	508.200000
2230.234960	478.200000
2231.840721	487.300000
2233.446171	501.300000
2235.049636	506.500000
2236.654464	489.200000
2238.257309	511.700000
2239.858170	481.200000
2241.460393	518.800000
2243.060635	485.100000
2244.662239	493.500000
2246.260191	492.600000
2247.859505	506.400000
2249.456839	496.900000
2251.053864	499.000000
2252.652252	515.500000
2254.246991	510.000000
2255.839753	501.700000
2257.433878	514.300000
2259.029364	504.600000
2260.621206	484.700000
2262.212741	513.700000
2263.805637	478.200000
2265.393224	511.000000
2266.985508	469.400000
2268.572484	497.300000
2270.162489	511.100000
2271.747189	486.700000
2273.336583	484.200000
2274.920674	472.100000
2276.506127	493.000000
2278.089610	491.600000
2279.676120	492.500000
2281.258996	465.400000
2282.841568	483.100000
2284.423837	460.000000
2286.002477	465.200000
2287.584140	446.700000
2289.162175	468.500000
2290.743233	467.300000
2292.320665	455.650000
2293.896132	444.000000
2295.474622	475.200000
2297.049488	455.000000
2298.624053	462.200000
2300.198318	468.700000
2301.772282	465.900000
2303.345946	469.700000
2304.919309	484.500000
2306.489054	454.300000
2308.058500	482.700000
2309.630965	482.800000
2311.198154	481.300000
2312.768362	462.600000
2314.334955	464.800000
2315.902908	469.800000
2317.468905	472.100000
2319.034605	441.700000
2320.600008	494.000000
2322.163456	484.400000
2323.728264	471.900000
2325.289464	484.100000
2326.853678	484.900000
2328.412631	473.700000
2329.974597	506.900000
2331.534613	457.200000
2333.094333	467.600000
2334.652104	478.300000
2336.209580	462.900000
2337.766762	483.100000
2339.321997	470.000000
2340.876937	479.200000
2342.431584	469.200000
2343.985937	472.100000
2345.539996	495.000000
2347.093761	452.900000
2348.645583	490.600000
2350.195461	482.300000
2351.748347	472.100000
2353.295991	482.300000
2354.846642	465.800000
2356.393702	455.100000
2357.942121	467.200000
2359.490247	458.100000
2361.034785	475.300000
2362.580681	489.000000
2364.124639	473.600000
2365.669954	459.900000
2367.211684	471.100000
2368.754771	470.600000
2370.295923	456.700000
2371.836785	460.700000
2373.377358	455.700000
2374.917641	461.300000
2376.457636	464.900000
2377.994053	459.100000
2379.533471	450.400000
2381.069312	458.500000
2382.606509	443.900000
2384.140131	494.700000
2385.676754	460.800000
2387.211445	468.500000
2388.744207	446.500000
2390.276682	451.000000
2391.807230	472.700000
2393.340775	463.300000
2394.869109	458.800000
2396.398799	467.600000
2397.928204	468.100000
2399.457323	463.600000
2400.986158	461.500000
2402.509787	457.400000
2404.038053	465.400000
2405.561115	466.200000
2407.088811	477.100000
2408.609668	433.000000
2410.135158	480.800000
2411.657087	456.400000
2413.180372	432.100000
2414.701736	465.200000
2416.221180	448.000000
2417.741979	464.500000
2419.260859	476.700000
2420.779457	455.600000
2422.296138	464.600000
2423.814173	481.200000
2425.331927	484.400000
2426.846130	472.200000
2428.360052	466.000000
2429.873694	469.300000
2431.388691	475.000000
2432.900139	456.000000
2434.412942	481.300000
2435.923832	462.300000
2437.434442	464.000000
2438.943141	448.700000
2440.454827	455.900000
2441.962968	451.600000
2443.470832	466.400000
2444.978418	466.300000
2446.482463	471.100000
2447.989494	455.600000
2449.494616	448.200000
2450.999461	471.600000
2452.502399	468.900000
2454.005060	459.000000
2455.507445	437.100000
2457.007925	434.500000
2458.509758	451.600000
2460.009687	426.800000
2461.509340	442.400000
2463.008717	423.900000
2464.506192	424.000000
2466.001765	443.000000
2467.500319	459.800000
2468.995343	439.300000
2470.491721	431.600000
2471.984571	435.600000
2473.478775	448.000000
2474.972705	430.800000
2476.463112	440.300000
2477.956495	435.000000
2479.447981	441.500000
2480.937570	435.200000
2482.426887	422.300000
2483.914309	447.900000
2485.404706	439.700000
2486.891584	446.600000
2488.379814	430.900000
2489.864528	440.400000
2491.348971	423.000000
2492.834766	432.100000
2494.318668	417.100000
2495.803922	426.900000
2497.284042	441.600000
2498.767134	417.800000
2500.248336	446.300000
2501.729269	417.100000
2503.208313	434.400000
2504.687088	440.000000
2506.165595	445.900000
2507.643834	423.400000
2509.121804	426.900000
2510.596270	433.000000
2512.073704	434.900000
2513.547635	435.300000
2515.022916	425.300000
2516.497931	444.600000
2517.969444	452.700000
2519.442307	438.700000
2520.913288	458.200000
2522.385619	436.900000
2523.852837	426.400000
2525.323020	438.000000
2526.791323	452.100000
2528.259361	447.700000
2529.727134	436.300000
2531.194642	433.500000
2532.661885	446.000000
2534.125636	442.100000
2535.590737	444.400000
2537.053961	445.700000
2538.518535	439.400000
2539.979619	436.800000
2541.442053	451.100000
2542.904224	431.500000
2544.362909	439.500000
2545.826166	431.800000
2547.284326	455.700000
2548.743835	422.500000
2550.198251	451.800000
2551.657236	444.600000
2553.114350	441.600000
2554.569593	452.200000
2556.024575	430.700000
2557.477687	439.400000
2558.932148	441.800000
2560.384740	442.700000
2561.837072	430.700000
2563.287536	439.000000
2564.740956	445.900000
2566.189294	410.000000
2567.640588	429.300000
2569.090015	400.300000
2570.535970	437.300000
2571.984881	428.200000
2573.430320	454.400000
2574.877108	453.500000
2576.322032	428.100000
2577.766699	438.900000
2579.212713	435.000000
2580.655260	458.800000
2582.099155	450.600000
2583.539585	435.900000
2584.981362	426.300000
2586.421280	434.400000
2587.862545	420.300000
2589.300349	437.600000
2590.741102	429.800000
2592.176792	440.200000
2593.615432	432.700000
2595.052215	430.800000
2596.487141	428.200000
2597.925016	424.300000
2599.357832	436.100000
2600.791996	407.200000
2602.224306	429.700000
2603.657962	426.100000
2605.089765	435.700000
2606.521315	443.800000
2607.952611	438.100000
2609.382055	440.900000
2610.811248	426.900000
2612.238589	421.100000
2613.667277	421.900000
2615.095712	413.300000
2616.520700	419.300000
2617.947035	427.000000
2619.371521	416.800000
2620.797353	416.500000
2622.219741	429.200000
2623.643475	420.300000
2625.065362	416.300000
2626.487000	434.400000
2627.906792	423.800000
2629.327930	428.800000
2630.748818	434.700000
2632.166268	419.800000
2633.586657	422.600000
2635.003609	422.800000
2636.420313	432.300000
2637.836768	408.100000
2639.252975	419.000000
2640.668933	429.600000
2642.083051	416.500000
2643.496922	421.200000
2644.908953	392.200000
2646.322329	421.800000
2647.732275	395.600000
2649.145156	404.500000
2650.554610	419.500000
2651.963817	396.600000
2653.371187	433.800000
2654.781493	400.300000
2656.189962	448.600000
2657.596596	436.000000
2659.002985	412.900000
2660.407540	420.900000
2661.813439	442.300000
2663.217505	439.800000
2664.621326	449.600000
2666.024904	429.100000
2667.426649	425.500000
2668.829738	419.100000
2670.229409	426.800000
2671.630424	415.100000
2673.028023	413.600000
2674.428552	399.600000
2675.825666	412.800000
2677.224123	432.900000
2678.620752	436.000000
2680.017139	418.500000
2681.413285	420.500000
2682.807604	407.000000
2684.203266	417.100000
2685.595518	423.200000
2686.989114	432.400000
2688.380885	395.400000
2689.773998	416.200000
2691.165288	415.700000
2692.554755	399.100000
2693.943982	403.700000
2695.332970	406.100000
2696.723300	404.000000
2698.108645	420.900000
2699.496914	398.500000
2700.883363	423.700000
2702.269573	406.800000
2703.655545	407.100000
2705.038117	417.800000
2706.422032	432.300000
2707.805709	415.300000
2709.189148	419.400000
2710.569191	418.900000
2711.950576	429.600000
2713.330145	407.200000
2714.711056	435.800000
2716.090151	412.900000
2717.467433	415.800000
2718.846056	417.900000
2720.222866	408.400000
2721.599440	408.700000
2722.975778	435.700000
2724.350304	410.900000
2725.726171	420.000000
2727.098651	391.100000
2728.474047	404.400000
2729.844483	393.600000
2731.216260	401.300000
2732.587802	402.300000
2733.957536	419.000000
2735.328611	407.700000
2736.697877	407.500000
2738.066911	409.200000
2739.434137	411.400000
2740.801131	404.600000
2742.167892	375.500000
2743.534420	396.000000
2744.899143	412.900000
2746.263635	402.900000
2747.627894	410.000000
2748.991921	411.100000
2750.355717	399.700000
2751.716139	381.700000
2753.079472	399.000000
2754.437862	389.700000
2755.799162	399.100000
2757.157091	384.200000
2758.517930	420.500000
2759.876968	381.400000
2761.232638	384.000000
2762.591216	359.300000
2763.946428	398.400000
2765.301410	394.600000
2766.654595	380.600000
2768.010687	411.000000
2769.363415	388.700000
2770.715914	391.300000
2772.068185	399.100000
2773.421795	402.600000
2774.772043	408.300000
2776.120498	397.600000
2777.471857	402.800000
2778.819857	407.800000
2780.169196	414.800000
2781.516742	374.500000
2782.864061	399.100000
2784.211154	385.000000
2785.556456	407.400000
2786.901532	383.800000
2788.246382	394.200000
2789.591005	398.700000
2790.932277	383.800000
2792.274887	372.200000
2793.617271	396.000000
2794.959431	381.200000
2796.298241	373.500000
2797.639950	377.800000
2798.978312	391.100000
2800.318011	387.700000
2801.655924	389.100000
2802.992053	358.900000
2804.327958	400.800000
2805.665201	381.900000
2807.000660	396.400000
2808.335896	388.900000
2809.669349	380.800000
2811.004140	385.300000
2812.335589	394.500000
2813.669934	367.200000
2814.999381	379.100000
2816.330165	382.500000
2817.660727	382.200000
2818.989510	367.500000
2820.319629	372.000000
2821.647970	355.400000
2822.976090	382.300000
2824.302432	370.200000
2825.630111	394.500000
2826.954457	371.400000
2828.280138	389.900000
2829.604044	366.200000
2830.927731	378.100000
2832.252753	358.800000
2833.574445	387.900000
2834.895919	356.000000
2836.217174	371.100000
2837.538210	377.900000
2838.857474	375.100000
2840.178073	366.300000
2841.496900	355.400000
2842.815509	353.600000
2844.132347	360.600000
2845.448968	355.400000
2846.765372	377.400000
2848.080007	361.800000
2849.395976	369.900000
2850.708625	382.000000
2852.022610	359.000000
2853.336377	366.600000
2854.649929	359.700000
2855.961713	354.500000
2857.271731	383.700000
2858.583084	380.700000
2859.891122	374.900000
2861.200495	377.300000
2862.509652	384.300000
2863.818594	349.900000
2865.125773	377.900000
2866.431188	377.200000
2867.737938	365.300000
2869.042925	364.000000
2870.347699	392.100000
2871.650711	371.300000
2872.956605	360.300000
2874.257643	357.000000
2875.560016	363.200000
2876.860629	371.400000
2878.162576	371.300000
2879.464310	365.200000
2880.762739	379.400000
2882.062503	367.900000
2883.360508	379.700000
2884.658302	355.300000
2885.954340	347.500000
2887.251711	359.200000
2888.547326	352.200000
2889.842730	344.400000
2891.137924	357.000000
2892.429819	352.600000
2893.724591	345.000000
2895.016066	357.700000
2896.308874	349.800000
2897.601472	340.300000
2898.890776	350.300000
2900.181412	354.600000
2901.470297	334.100000
2902.760515	346.300000
2904.047440	368.300000
2905.335699	361.900000
2906.622207	359.100000
2907.908508	372.400000
2909.194600	373.800000
2910.478944	348.600000
2911.766160	343.100000
2913.048548	364.300000
2914.332269	359.600000
2915.614244	367.300000
2916.896012	348.500000
2918.176034	357.500000
2919.458926	354.600000
2920.740073	368.800000
2922.017938	359.800000
2923.298672	353.300000
2924.576125	348.600000
2925.853372	346.700000
2927.128878	355.000000
2928.407251	344.600000
2929.680809	365.400000
2930.957235	387.000000
2932.231920	361.500000
2933.504865	346.000000
2934.779140	360.800000
2936.051676	353.500000
2937.324008	347.700000
2938.593066	327.700000
2939.864990	336.100000
2941.135176	350.100000
2942.405159	334.600000
2943.674938	340.800000
2944.942980	355.200000
2946.209287	332.700000
2947.475391	334.700000
2948.742825	339.100000
2950.008525	352.300000
2951.274022	343.300000
2952.539317	364.200000
2953.801347	349.900000
2955.064708	353.700000
2956.327866	330.200000
2957.589293	358.700000
2958.852049	341.200000
2960.113074	358.500000
2961.372367	339.600000
2962.631461	344.600000
2963.890354	370.400000
2965.149047	351.500000
2966.407540	337.700000
2967.664304	346.200000
2968.920868	349.800000
2970.175705	351.500000
2971.431871	335.100000
2972.684781	346.500000
2973.939021	333.100000
2975.193062	334.700000
2976.445377	337.900000
2977.697494	344.200000
2978.947886	344.600000
2980.201133	351.300000
2981.449603	331.400000
2982.700927	342.000000
2983.949003	339.800000
2985.196881	340.800000
2986.444562	316.500000
2987.692047	344.900000
2988.937810	343.700000
2990.183376	343.600000
2991.430270	336.100000
2992.673920	325.900000
2993.918898	325.700000
2995.160633	332.000000
2996.405218	344.300000
2997.648085	347.400000
2998.887711	308.500000
3000.130187	328.700000
3001.369424	332.200000
3002.609988	342.000000
3003.848835	318.000000
3005.087488	347.100000
3006.324425	336.500000
3007.562689	321.600000
3008.799239	317.200000
3010.035594	338.400000
3011.271756	329.500000
3012.506205	353.400000
3013.740460	313.300000
3014.974522	340.700000
3016.206872	320.100000
3017.437510	315.100000
3018.670994	324.600000
3019.902766	338.000000
3021.132828	336.100000
3022.362698	336.500000
3023.590858	341.200000
3024.820344	333.700000
3026.048122	341.300000
3027.275708	320.800000
3028.504620	312.800000
3029.728790	325.500000
3030.955803	324.900000
3032.179592	329.500000
3033.404708	319.300000
3034.628117	322.400000
3035.851337	331.900000
3037.072851	343.300000
3038.297206	314.100000
3039.516826	325.400000
3040.737771	309.100000
3041.958528	315.000000
3043.177581	309.500000
3044.397960	319.400000
3045.615122	313.500000
3046.833609	326.500000
3048.050394	321.200000
3049.266992	308.700000
3050.483401	308.200000
3051.696598	310.000000
3052.912632	345.000000
3054.125454	324.000000
3055.341113	335.100000
3056.552049	331.600000
3057.764310	332.500000
3058.976385	305.300000
3060.188273	316.000000
3061.398463	316.100000
3062.608467	305.600000
3063.818286	325.800000
3065.026408	323.100000
3066.234344	314.500000
3067.440586	306.600000
3068.648151	333.700000
3069.854023	322.800000
3071.059709	311.900000
3072.265210	323.300000
3073.469018	331.600000
3074.674150	298.200000
3075.877590	318.800000
3077.079337	305.300000
3078.280901	309.200000
3079.482281	296.300000
3080.683477	320.800000
3081.882983	299.700000
3083.082305	294.600000
3084.282951	314.900000
3085.481907	302.600000
3086.677669	306.600000
3087.876260	313.800000
3089.071657	295.900000
3090.268377	312.000000
3091.461905	316.000000
3092.658261	323.900000
3093.852931	288.000000
3095.044410	308.600000
3096.240220	290.200000
3097.431337	325.500000
3098.623776	298.800000
3099.813028	311.900000
3101.005106	313.300000
3102.195499	312.700000
3103.382707	308.300000
3104.571238	310.600000
3105.761091	307.700000
3106.947759	300.900000
3108.134248	308.100000
3109.320557	315.300000
3110.508188	298.900000
3111.692638	309.900000
3112.875407	305.000000
3114.061000	303.700000
3115.244912	299.500000
3116.427146	301.400000
3117.609201	307.400000
3118.791079	306.600000
3119.972778	303.800000
3121.152799	311.200000
3122.331144	302.700000
3123.512310	274.100000
3124.690300	292.800000
3125.868113	295.300000
3127.045749	286.000000
3128.221710	295.700000
3129.397494	289.400000
3130.574600	299.700000
3131.750031	280.800000
3132.923789	304.400000
3134.095875	301.100000
3135.269281	279.200000
3136.442512	296.400000
3137.614070	285.200000
3138.786950	282.100000
3139.956662	291.200000
3141.127695	294.200000
3142.297057	288.800000
3143.464750	288.900000
3144.635258	308.900000
3145.801107	278.800000
3146.971266	303.000000
3148.136767	293.900000
3149.302095	302.100000
3150.467249	293.600000
3151.632229	301.800000
3152.798530	270.500000
3153.960177	287.900000
3155.123145	284.900000
3156.285939	297.300000
3157.448561	292.500000
3158.609518	280.200000
3159.770302	277.600000
3160.930914	268.800000
3162.089863	264.200000
3163.248639	297.500000
3164.407244	276.700000
3165.565677	291.200000
3166.723938	279.800000
3167.880537	284.100000
3169.035475	272.100000
3170.191732	282.100000
3171.346329	276.000000
3172.500754	291.900000
3173.653520	268.200000
3174.806116	298.300000
3175.958541	290.000000
3177.110797	295.500000
3178.262883	276.000000
3179.411822	274.900000
3180.563568	265.700000
3181.713656	289.000000
3182.862088	295.600000
3184.010351	306.100000
3185.158444	270.100000
3186.306369	269.700000
3187.452639	267.000000
3188.598740	290.900000
3189.743186	277.300000
3190.887465	291.600000
3192.031576	282.100000
3193.177005	271.600000
3194.319294	271.100000
3195.461417	273.500000
3196.603372	267.500000
3197.745161	273.800000
3198.886782	277.900000
3200.025267	266.100000
3201.165070	260.900000
3202.306191	290.900000
3203.444177	287.300000
3204.580514	294.100000
3205.716685	269.400000
3206.854174	276.600000
3207.990013	250.700000
3209.127170	290.000000
3210.259714	269.100000
3211.396540	257.700000
3212.528754	259.700000
3213.662286	284.000000
3214.795652	267.000000
3215.925891	287.600000
3217.058928	274.000000
3218.188839	281.500000
3219.320067	265.500000
3220.448169	266.800000
3221.579068	271.500000
3222.708324	260.100000
3223.835935	273.000000
3224.960425	267.600000
3226.089190	246.100000
3227.214833	267.600000
3228.340313	259.400000
3229.464152	286.000000
3230.590785	267.300000
3231.712821	247.500000
3232.836173	240.600000
3233.959363	263.000000
3235.082391	271.700000
3236.203779	253.000000
3237.325006	245.900000
3238.444594	271.500000
3239.564021	270.900000
3240.681810	258.900000
3241.802392	255.800000
3242.919859	268.300000
3244.037167	260.100000
3245.154313	271.400000
3246.269824	253.800000
3247.386650	274.200000
3248.500365	266.800000
3249.616870	277.300000
3250.731741	270.600000
3251.843503	268.800000
3252.955106	271.800000
3254.068023	269.900000
3255.180782	240.300000
3256.290434	258.300000
3257.401400	277.400000
3258.512208	246.100000
3259.621385	262.400000
3260.728930	262.200000
3261.837790	238.300000
3262.946491	281.400000
3264.052090	263.700000
3265.159003	258.600000
3266.264288	244.900000
3267.370886	258.400000
3268.474384	261.600000
3269.579196	278.400000
3270.683851	261.300000
3271.785407	262.100000
3272.886808	251.800000
3273.989522	253.100000
3275.092079	253.400000
3276.191540	246.400000
3277.293785	256.500000
3278.392934	255.100000
3279.490459	266.100000
3280.587828	277.300000
3281.687980	245.700000
3282.785038	258.400000
3283.881941	249.700000
3284.978689	258.000000
3286.070879	250.000000
3287.167317	241.800000
3288.262134	238.700000
3289.356795	263.500000
3290.449835	259.300000
3291.542721	259.900000
3292.633986	248.800000
3293.726564	257.900000
3294.817521	253.900000
3295.906859	242.900000
3296.996044	237.200000
3298.086542	241.000000
3299.173955	255.900000
3300.261216	263.400000
3301.349789	249.400000
3302.438209	279.300000
3303.522082	219.500000
3304.610197	256.600000
3305.695231	247.200000
3306.778648	265.900000
3307.863378	251.400000
3308.946493	255.900000
3310.030919	249.200000
3311.112267	262.300000
3312.194927	229.700000
3313.275973	258.900000
3314.356868	250.300000
3315.436150	264.600000
3316.515281	234.700000
3317.595723	264.400000
3318.673092	233.200000
3319.751771	236.700000
3320.828840	245.500000
3321.905758	257.700000
3322.981065	256.600000
3324.056223	258.400000
3325.132692	248.400000
3326.206091	259.800000
3327.279341	232.700000
3328.353902	239.400000
3329.426853	242.100000
3330.498197	254.000000
3331.570851	245.600000
3332.640438	241.500000
3333.711336	259.500000
3334.780627	253.700000
3335.851229	255.800000
3336.920224	241.900000
3337.987613	226.000000
3339.053397	262.300000
3340.123407	251.600000
3341.190354	245.900000
3342.254239	240.800000
3343.320892	241.000000
3344.385940	241.900000
3345.449385	258.700000
3346.512684	240.500000
3347.575836	252.500000
3348.638842	232.100000
3349.701702	243.400000
3350.762960	231.100000
3351.821161	248.800000
3352.883583	236.500000
3353.942948	248.300000
3355.002168	228.000000
3356.062698	235.600000
3357.118718	233.100000
3358.177503	246.100000
3359.231780	238.300000
3360.288820	247.200000
3361.344263	231.900000
3362.401014	234.500000
3363.456168	227.700000
3364.509724	247.500000
3365.561683	248.300000
3366.616404	247.800000
3367.668076	226.200000
3368.719605	233.900000
3369.772443	227.500000
3370.822233	237.600000
3371.873331	218.800000
3372.921384	235.900000
3373.972197	245.200000
3375.019964	234.500000
3376.067589	215.300000
3377.115071	264.200000
3378.160961	229.200000
3379.208159	230.900000
3380.252315	215.400000
3381.299229	249.300000
3382.344551	253.900000
3383.386833	251.900000
3384.428973	220.600000
3385.472421	236.800000
3386.515729	223.900000
3387.557446	221.200000
3388.599022	223.200000
3389.640458	226.700000
3390.680304	230.700000
3391.718563	226.400000
3392.758129	239.100000
3393.797554	238.400000
3394.835392	244.900000
3395.871643	227.600000
3396.907755	234.600000
3397.945174	227.900000
3398.979560	222.200000
3400.015253	218.200000
3401.050807	229.500000
3402.083330	228.600000
3403.118606	228.600000
3404.150851	228.100000
3405.182958	211.000000
3406.213481	229.100000
3407.245312	219.900000
3408.277003	248.900000
3409.305668	221.000000
3410.334194	225.800000
3411.364028	211.000000
3412.393723	251.400000
3413.420393	225.300000
3414.448370	228.400000
3415.473322	214.000000
3416.501024	231.900000
3417.525703	240.700000
3418.551688	239.700000
3419.576093	214.400000
3420.600362	222.800000
3421.623052	226.800000
3422.645606	225.400000
3423.669466	222.200000
3424.690306	224.800000
3425.711011	227.800000
3426.733021	218.600000
3427.752013	224.000000
3428.770870	244.700000
3429.791032	206.600000
3430.808178	221.500000
