-117.841134	1.810000
-115.171534	-0.530000
-112.504869	1.140000
-109.838956	4.440000
-107.175976	5.440000
-104.511565	4.140000
-101.850085	-6.980000
-99.187176	0.770000
-96.529373	-0.270000
-93.870141	-0.150000
-91.211657	2.940000
-88.556098	0.710000
-85.899109	1.330000
-83.247219	0.280000
-80.593899	0.930000
-77.943498	-0.820000
-75.291669	2.660000
-72.644930	-2.280000
-69.996761	0.390000
-67.349335	3.660000
-64.704824	-0.010000
-62.058883	1.600000
-59.418024	2.230000
-56.775736	-0.210000
-54.136357	2.300000
-51.495548	2.270000
-48.855480	4.660000
-46.220485	2.300000
-43.584060	5.030000
-40.950538	6.790000
-38.315588	5.080000
-35.685703	5.270000
-33.052226	2.940000
-30.423811	9.760000
-27.796130	3.370000
-25.167020	8.780000
-22.542967	3.510000
-19.915325	9.190000
-17.292737	9.750000
-14.670879	15.430000
-12.049752	30.980000
-9.429356	66.760000
-6.811847	219.400000
-4.192910	755.270000
-1.576858	2343.240000
1.038465	2938.940000
3.653060	1668.470000
6.264774	163.180000
8.877916	25.740000
11.486024	15.300000
14.097713	3.970000
16.704373	9.470000
19.312460	9.570000
21.919823	3.820000
24.522161	1.300000
27.128077	7.640000
29.728971	2.030000
32.331293	2.680000
34.928597	1.240000
37.529478	-0.580000
40.125343	6.760000
42.722637	6.820000
45.319211	0.680000
47.910776	6.030000
50.503769	5.300000
53.093901	4.570000
55.685460	-0.270000
58.274161	1.240000
60.864288	-1.010000
63.449416	2.320000
66.035972	2.470000
68.621814	2.550000
71.204802	0.520000
73.789216	3.590000
76.366502	3.760000
78.947354	0.950000
81.525357	-0.580000
84.102650	4.710000
86.681369	6.040000
89.255106	0.820000
91.830271	1.690000
94.402592	5.270000
96.974205	0.190000
99.542978	3.340000
102.113178	3.390000
104.680539	-0.030000
107.249327	0.610000
109.815278	-4.590000
112.378394	0.990000
114.945066	4.060000
117.502516	0.170000
120.065653	4.370000
122.623829	5.360000
125.185560	11.180000
127.742334	19.130000
130.300534	20.380000
132.853782	31.780000
135.406332	39.190000
137.962432	53.720000
140.513584	75.930000
143.064039	85.780000
145.613796	94.580000
148.160734	96.610000
150.706977	106.950000
153.254645	112.560000
155.801617	110.890000
158.343654	111.170000
160.884997	101.700000
163.425647	112.580000
165.967723	104.320000
168.506987	107.970000
171.043442	103.390000
173.579207	110.570000
176.116397	104.440000
178.652896	100.390000
181.186589	102.750000
183.717478	103.450000
186.247679	102.460000
188.779306	103.170000
191.308131	105.080000
193.834157	97.650000
196.359497	102.490000
198.886262	99.400000
201.410231	99.760000
203.933515	97.690000
206.456113	98.450000
208.975919	99.810000
211.495042	103.640000
214.013483	95.770000
216.533347	99.940000
219.046210	100.860000
221.562604	104.190000
224.078316	97.700000
226.589138	98.630000
229.101385	103.000000
231.610849	100.070000
234.119635	102.330000
236.627743	105.180000
239.137275	102.720000
241.641926	108.650000
244.145901	105.970000
246.651300	104.330000
249.151824	107.500000
251.655871	111.180000
254.152948	107.250000
256.653548	104.150000
259.151376	113.030000
261.648531	106.330000
264.145013	112.560000
266.636632	112.190000
269.131771	111.450000
271.624143	115.550000
274.115845	113.150000
276.604784	114.540000
279.095146	114.790000
281.582747	112.210000
284.067588	115.340000
286.555944	113.530000
289.037360	118.250000
291.522290	115.420000
294.002375	111.140000
296.485972	112.600000
298.964726	119.140000
301.444903	121.110000
303.922329	118.100000
306.399091	120.030000
308.875189	122.750000
311.348540	126.390000
313.821228	128.240000
316.293255	140.540000
318.764621	149.920000
321.233242	165.280000
323.701204	161.110000
326.170589	149.970000
328.635151	136.610000
331.103217	137.250000
333.566463	125.510000
336.029051	127.380000
338.490983	118.930000
340.952258	120.640000
343.410798	123.630000
345.870762	124.020000
348.327992	121.760000
350.784568	122.750000
353.240490	124.090000
355.693682	119.050000
358.148297	126.750000
360.598110	120.830000
363.051419	124.250000
365.499929	119.410000
367.947789	132.320000
370.397071	120.690000
372.841559	123.700000
375.287469	120.980000
377.732729	120.800000
380.175271	120.590000
382.617165	120.220000
385.058412	129.920000
387.496943	127.490000
389.936895	116.950000
392.374134	124.650000
394.808662	117.770000
397.246677	121.180000
399.679915	122.150000
402.114574	121.230000
404.544461	118.260000
406.977833	125.400000
409.406435	125.550000
411.834395	118.990000
414.263777	125.740000
416.688393	122.070000
419.114431	119.500000
421.539828	126.100000
423.964585	123.620000
426.384584	119.720000
428.806003	123.960000
431.224727	118.580000
433.644871	121.690000
436.062320	121.230000
438.481189	121.280000
440.897365	120.690000
443.308793	121.110000
445.723698	124.100000
448.135914	122.780000
450.547495	121.740000
452.958442	115.060000
455.366703	122.850000
457.774331	112.540000
460.181327	118.140000
462.587692	120.140000
464.991374	112.160000
467.394426	118.680000
469.796848	113.310000
472.198640	114.590000
474.597754	112.050000
476.998288	110.730000
479.398193	112.810000
481.793376	111.880000
484.192025	111.970000
486.585953	112.550000
488.979256	114.780000
491.371934	110.820000
493.763986	111.810000
496.157456	104.300000
498.546214	104.730000
500.932306	101.530000
503.319818	99.960000
505.706707	97.960000
508.090932	108.620000
510.476575	115.480000
512.859557	132.310000
515.239878	159.530000
517.621618	179.850000
520.000699	182.420000
522.381198	172.280000
524.759041	147.730000
527.134227	134.500000
529.508797	116.760000
531.884784	109.050000
534.258119	103.810000
536.632871	96.190000
539.002937	92.200000
541.372389	92.310000
543.743258	86.130000
546.109446	88.010000
548.477053	76.280000
550.842015	81.080000
553.206363	80.800000
555.570098	76.850000
557.935251	77.410000
560.295732	80.420000
562.657631	73.740000
565.016889	74.500000
567.373509	74.530000
569.733575	68.140000
572.086949	65.170000
574.443768	67.920000
576.797952	66.000000
579.151527	67.110000
581.504495	68.860000
583.854830	68.970000
586.206583	64.570000
588.551659	64.620000
590.902198	60.870000
593.246065	65.290000
595.595393	64.220000
597.940072	63.100000
600.282127	64.730000
602.625599	58.520000
604.966448	68.870000
607.306694	59.680000
609.644320	61.810000
611.985381	64.250000
614.321805	61.730000
616.659645	63.500000
618.994868	60.550000
621.327475	56.670000
623.661498	57.630000
625.992907	54.320000
628.323718	55.540000
630.653931	59.190000
632.983547	57.980000
635.308539	55.580000
637.638973	58.600000
639.964786	57.830000
642.287991	58.240000
644.612613	59.850000
646.934629	58.300000
649.256051	51.720000
651.574870	54.900000
653.895106	49.730000
656.214748	55.490000
658.531789	57.460000
660.848238	45.530000
663.162089	54.450000
665.477356	49.390000
667.790026	53.400000
670.104111	51.980000
672.413596	53.550000
674.724497	47.830000
677.032805	47.340000
679.340525	53.670000
681.649659	51.410000
683.954201	44.840000
686.258157	49.150000
688.561527	46.310000
690.866311	47.800000
693.166508	49.120000
695.468121	45.260000
697.769148	46.970000
700.065594	47.230000
702.363455	45.850000
704.660732	44.560000
706.957426	40.930000
709.249544	40.830000
711.545073	42.200000
713.836028	45.490000
716.128398	46.990000
718.418193	45.500000
720.707407	44.410000
722.996042	45.390000
725.282104	43.870000
727.569581	42.390000
729.854486	40.480000
732.138814	47.310000
734.420573	42.540000
736.703746	51.470000
738.986342	49.040000
741.264382	53.410000
743.543837	45.170000
745.822715	46.940000
748.101019	46.590000
750.374773	49.080000
752.649940	45.530000
754.924534	48.500000
757.196569	48.520000
759.470017	48.330000
761.740907	45.040000
764.009241	45.610000
766.278988	54.320000
768.546180	48.210000
770.812803	51.800000
773.078855	51.170000
775.342356	48.310000
777.607270	53.170000
779.871614	54.490000
782.131429	48.030000
784.392656	48.810000
786.653316	56.300000
788.911430	50.170000
791.166999	51.000000
793.425959	47.680000
795.678419	46.630000
797.936247	50.420000
800.189556	47.560000
802.440325	53.130000
804.692506	49.380000
806.942148	55.000000
809.193202	43.950000
811.439746	46.780000
813.687701	46.980000
815.933122	50.250000
818.179954	45.020000
820.426225	44.710000
822.667991	46.080000
824.913141	45.120000
827.151818	42.980000
829.393877	47.460000
831.631438	43.250000
833.870411	43.440000
836.106857	42.660000
838.344714	43.600000
840.580046	47.900000
842.812855	43.560000
845.047074	39.350000
847.278772	39.120000
849.509915	38.670000
851.740503	41.840000
853.970537	39.850000
856.200017	46.460000
858.425015	43.610000
860.653388	40.940000
862.877281	38.030000
865.102586	42.580000
867.323415	43.630000
869.547616	43.130000
871.767344	44.220000
873.988482	43.260000
876.209070	43.540000
878.427149	42.580000
880.646637	44.820000
882.861659	39.540000
885.076133	49.670000
887.290060	37.410000
889.503440	39.870000
891.716272	47.040000
893.928558	45.720000
896.138341	44.620000
898.347579	37.840000
900.556272	40.030000
902.762465	40.160000
904.970069	47.470000
907.175174	41.520000
909.379736	38.650000
911.581803	43.660000
913.785279	44.610000
915.986261	43.460000
918.186701	43.680000
920.388550	38.050000
922.584008	46.510000
924.782825	37.940000
926.977203	40.300000
929.174939	41.590000
931.368239	45.520000
933.562948	43.860000
935.755171	47.810000
937.946855	44.620000
940.138002	55.730000
942.326666	46.280000
944.514794	46.230000
946.700441	55.750000
948.889440	49.290000
951.074016	48.330000
953.258057	55.330000
955.445448	52.320000
957.624535	57.190000
959.806973	59.980000
961.988877	55.650000
964.168306	60.500000
966.345263	57.260000
968.523628	56.210000
970.703400	58.330000
972.876823	60.830000
975.053592	54.970000
977.225954	63.990000
979.399724	63.800000
981.569090	68.210000
983.741800	61.860000
985.912045	64.610000
988.081760	59.550000
990.250948	64.660000
992.415738	64.070000
994.583869	61.290000
996.747605	62.790000
998.912749	63.730000
1001.075433	55.940000
1003.237592	64.880000
1005.397294	67.580000
1007.556471	60.920000
1009.717055	63.590000
1011.875184	68.520000
1014.032790	62.240000
1016.189872	60.470000
1018.346430	64.230000
1020.498609	67.040000
1022.652195	66.540000
1024.805259	64.630000
1026.955874	70.750000
1029.107896	64.130000
1031.255544	65.150000
1033.406524	64.760000
1035.553133	64.920000
1037.699223	64.790000
1039.844795	75.660000
1041.991772	74.070000
1044.132460	68.710000
1046.276478	66.390000
1048.418055	68.630000
1050.559115	74.520000
1052.701581	69.270000
1054.837766	67.370000
1056.977278	77.330000
1059.112435	67.930000
1061.250916	68.520000
1063.385043	76.570000
1065.518657	74.230000
1067.653675	72.930000
1069.784345	71.370000
1071.916419	70.850000
1074.046064	66.730000
1076.175197	70.360000
1078.303818	67.220000
1080.431928	67.680000
1082.557612	64.010000
1084.682786	61.770000
1086.809364	68.520000
1088.931604	64.100000
1091.055249	65.120000
1093.174559	59.460000
1095.299098	62.300000
1097.417393	53.700000
1099.537092	57.400000
1101.654372	58.810000
1103.771145	60.930000
1105.887413	58.290000
1108.001264	55.870000
1110.116520	51.030000
1112.227452	54.860000
1114.341697	51.940000
1116.451621	54.360000
1118.562949	51.170000
1120.673772	54.040000
1122.780279	54.540000
1124.890095	49.970000
1126.995598	52.760000
1129.102503	55.910000
1131.203193	51.280000
1133.309095	51.180000
1135.410688	49.680000
1137.513684	51.730000
1139.616179	48.570000
1141.712467	57.080000
1143.813962	48.150000
1145.911155	50.800000
1148.007850	51.040000
1150.104046	45.690000
1152.199744	44.760000
1154.294945	48.800000
1156.387749	40.290000
1158.481955	46.490000
1160.569970	47.940000
1162.663184	47.270000
1164.750209	46.220000
1166.840533	44.920000
1168.926569	45.630000
1171.015904	45.320000
1173.099057	46.330000
1175.183612	44.710000
1177.269569	47.860000
1179.351244	44.560000
1181.434320	42.340000
1183.515011	44.590000
1185.595211	44.520000
1187.674919	48.800000
1189.754136	42.950000
1191.830971	40.170000
1193.905424	38.210000
1195.983170	45.600000
1198.056646	43.110000
1200.131522	44.280000
1202.202131	41.430000
1204.274141	42.890000
1206.343775	42.910000
1208.414810	45.460000
1210.485358	46.060000
1212.551644	38.560000
1214.619331	40.470000
1216.684646	37.940000
1218.751361	39.660000
1220.813820	42.160000
1222.879564	39.890000
1224.941054	44.570000
1227.003945	44.420000
1229.064468	38.730000
1231.124507	41.170000
1233.184063	37.380000
1235.241255	39.750000
1237.297965	39.930000
1239.352311	38.940000
1241.409939	39.990000
1243.465203	36.870000
1245.516228	33.750000
1247.568652	37.700000
1249.620596	36.060000
1251.670182	39.800000
1253.719289	40.950000
1255.767917	33.720000
1257.816067	39.910000
1259.863739	35.320000
1261.907180	40.680000
1263.953897	37.950000
1265.998260	36.610000
1268.042147	37.860000
1270.083682	34.310000
1272.122868	35.870000
1274.165327	37.760000
1276.203563	40.090000
1278.243198	34.880000
1280.282358	37.890000
1282.317299	35.220000
1284.353639	42.030000
1286.387635	35.800000
1288.423028	39.790000
1290.454209	33.870000
1292.486787	35.280000
1294.518894	37.090000
1296.548660	36.620000
1298.579823	34.410000
1300.606780	35.850000
1302.635134	35.790000
1304.659283	38.080000
1306.686698	36.180000
1308.709910	33.370000
1310.734520	32.430000
1312.756796	41.390000
1314.780468	34.280000
1316.801808	33.510000
1318.822681	33.340000
1320.843086	33.630000
1322.859298	37.350000
1324.876907	38.900000
1326.892188	33.910000
1328.910728	29.880000
1330.925079	27.630000
1332.937103	34.740000
1334.952386	36.560000
1336.963483	34.850000
1338.975977	43.040000
1340.984288	30.200000
1342.995854	36.310000
1345.001382	33.230000
1347.010165	38.490000
1349.014770	38.660000
1351.022629	35.590000
1353.030026	35.930000
1355.031392	31.790000
1357.034154	35.060000
1359.036457	36.030000
1361.038300	29.650000
1363.039683	38.270000
1365.038753	36.320000
1367.037364	37.020000
1369.035516	34.770000
1371.033211	32.060000
1373.026743	37.820000
1375.021670	33.430000
1377.016141	33.360000
1379.010155	33.640000
1381.001862	37.330000
1382.993113	27.760000
1384.982059	39.250000
1386.972401	41.960000
1388.962287	40.280000
1390.949869	36.130000
1392.936998	39.020000
1394.921825	36.140000
1396.908047	37.050000
1398.891968	35.310000
1400.875437	35.340000
1402.858454	31.180000
1404.839173	39.410000
1406.821286	33.290000
1408.801103	37.360000
1410.780468	32.910000
1412.755695	34.750000
1414.734160	36.320000
1416.710332	36.210000
1418.686054	36.260000
1420.661328	35.170000
1422.634310	37.440000
1424.606844	39.530000
1426.578930	36.140000
1428.550569	34.000000
1430.518079	30.850000
1432.490663	36.170000
1434.455441	41.920000
1436.425292	25.850000
1438.391019	37.820000
1440.358138	37.090000
1442.322974	32.390000
1444.283690	39.490000
1446.249474	37.030000
1448.209303	35.290000
1450.170526	31.910000
1452.133140	34.770000
1454.091640	33.400000
1456.049698	32.830000
1458.007314	35.540000
1459.964487	32.850000
1461.919385	36.550000
1463.875676	39.220000
1465.829692	33.270000
1467.783267	36.120000
1469.734570	32.930000
1471.687265	32.950000
1473.637689	36.940000
1475.587674	29.140000
1477.537220	38.600000
1479.484497	33.530000
1481.429506	34.450000
1483.375908	37.760000
1485.321872	32.840000
1487.267399	36.440000
1489.210660	37.260000
1491.153486	35.990000
1493.094047	33.560000
1495.036001	39.290000
1496.975692	37.510000
1498.914948	30.850000
1500.853770	41.950000
1502.790332	32.980000
1504.728285	34.360000
1506.663979	39.430000
1508.599240	33.960000
1510.532244	32.340000
1512.464817	36.250000
1514.396956	35.790000
1516.328664	38.920000
1518.258119	45.980000
1520.188964	35.870000
1522.119377	38.300000
1524.045718	34.510000
1525.973449	32.750000
1527.898931	31.470000
1529.823983	41.140000
1531.748606	36.220000
1533.672799	39.260000
1535.594746	37.400000
1537.518083	39.720000
1539.439173	32.540000
1541.358019	33.000000
1543.278255	37.280000
1545.196248	32.960000
1547.113813	38.370000
1549.029138	38.570000
1550.945852	41.860000
1552.858511	47.150000
1554.774373	45.520000
1556.687997	45.760000
1558.599382	41.380000
1560.512157	41.440000
1562.420882	39.880000
1564.330996	40.570000
1566.240687	43.690000
1568.149955	42.450000
1570.056989	43.650000
1571.961790	50.160000
1573.867979	39.810000
1575.771938	40.800000
1577.675475	48.020000
1579.578592	52.810000
1581.479479	51.480000
1583.381755	49.290000
1585.281803	59.200000
1587.183238	56.270000
1589.080640	55.210000
1590.977623	61.000000
1592.874188	66.520000
1594.772140	59.850000
1596.664258	58.210000
1598.559570	54.870000
1600.454464	52.670000
1602.347136	52.030000
1604.239391	49.240000
1606.129427	44.200000
1608.019047	44.990000
1609.908252	42.260000
1611.797041	39.980000
1613.683614	43.260000
1615.571574	44.600000
1617.455517	39.380000
1619.340847	41.640000
1621.225764	41.250000
1623.108467	36.720000
1624.992557	39.840000
1626.872635	33.890000
1628.754101	38.300000
1630.633356	37.860000
1632.513997	36.310000
1634.388834	35.450000
1636.268652	34.790000
1638.144466	30.330000
1640.019869	33.760000
1641.896658	39.420000
1643.767651	35.950000
1645.641825	30.690000
1647.512000	37.980000
1649.385356	33.620000
1651.256509	37.750000
1653.125461	34.920000
1654.995797	32.740000
1656.862141	34.760000
1658.729870	32.090000
1660.595400	33.020000
1662.462316	30.060000
1664.325242	31.800000
1666.189555	31.390000
1668.051671	33.420000
1669.913382	34.130000
1671.776479	29.440000
1673.637380	34.130000
1675.496089	33.150000
1677.354394	35.960000
1679.214083	36.680000
1681.068006	39.140000
1682.925102	34.250000
1684.781794	29.810000
1686.634511	35.210000
1688.490399	34.910000
1690.342313	31.550000
1692.193826	32.050000
1694.044938	35.120000
1695.895649	35.270000
1697.745960	36.550000
1699.594087	30.740000
1701.443598	40.420000
1703.287359	32.110000
1705.136071	30.690000
1706.979036	38.160000
1708.825168	33.200000
1710.667337	37.920000
1712.512672	38.290000
1714.352266	36.420000
1716.193244	32.540000
1718.035605	34.670000
1719.874010	38.770000
1721.713798	36.720000
1723.551410	33.490000
1725.388628	32.460000
1727.223672	32.390000
1729.060099	33.630000
1730.894353	34.640000
1732.728214	37.170000
1734.561680	32.290000
1736.391200	32.010000
1738.223880	27.940000
1740.052615	34.310000
1741.884507	34.090000
1743.712457	36.510000
1745.540015	35.330000
1747.367182	37.990000
1749.193957	35.650000
1751.020340	34.520000
1752.842787	36.190000
1754.668389	32.630000
1756.490056	34.220000
1758.313104	31.430000
1760.133992	29.930000
1761.954491	35.190000
1763.776370	32.760000
1765.592550	36.340000
1767.411883	36.170000
1769.227287	32.610000
1771.045843	38.320000
1772.860473	33.090000
1774.674716	29.740000
1776.488573	35.720000
1778.302043	27.870000
1780.113360	27.670000
1781.926057	33.800000
1783.738369	30.440000
1785.546762	33.960000
1787.356537	32.590000
1789.162397	35.320000
1790.971402	29.820000
1792.776494	25.720000
1794.582967	29.450000
1796.389056	39.040000
1798.191234	30.330000
1799.996557	31.780000
1801.797971	31.620000
1803.600765	32.750000
1805.399653	32.860000
1807.199922	31.920000
1808.999809	30.960000
1810.797554	30.060000
1812.594919	30.670000
1814.391903	34.610000
1816.188508	40.030000
1817.982973	37.940000
1819.778817	33.560000
1821.569006	38.840000
1823.364092	36.140000
1825.153525	34.390000
1826.946096	38.740000
1828.736531	33.300000
1830.524832	31.990000
1832.316267	33.070000
1834.102058	32.440000
1835.889228	37.500000
1837.674266	33.700000
1839.462438	32.750000
1841.246724	29.110000
1843.028880	34.540000
1844.812416	34.690000
1846.593823	36.220000
1848.376609	39.380000
1850.155514	38.420000
1851.935798	37.900000
1853.713957	32.150000
1855.493494	32.080000
1857.270905	35.910000
1859.046194	31.400000
1860.822860	34.010000
1862.597404	32.450000
1864.373325	34.350000
1866.143627	28.190000
1867.917056	35.240000
1869.688365	39.530000
1871.459303	33.530000
1873.231619	30.970000
1874.998321	38.970000
1876.768148	32.240000
1878.534112	35.270000
1880.303200	33.580000
1882.068426	34.800000
1883.833284	38.350000
1885.599519	34.070000
1887.361895	35.130000
1889.123903	38.050000
1890.885545	31.350000
1892.646819	30.890000
1894.407727	31.410000
1896.168268	38.390000
1897.926699	37.540000
1899.684764	33.190000
1901.440722	40.490000
1903.198056	30.710000
1904.955025	32.250000
1906.709887	31.730000
1908.462645	34.530000
1910.215038	30.480000
1911.968808	27.620000
1913.720474	34.020000
1915.470038	37.260000
1917.220977	32.060000
1918.971553	36.000000
1920.718291	36.040000
1922.466404	32.690000
1924.212419	30.250000
1925.959808	33.640000
1927.705100	30.740000
1929.448294	34.910000
1931.192863	34.320000
1932.935336	38.530000
1934.677450	33.180000
1936.419203	38.180000
1938.160596	30.200000
1939.899896	33.310000
1941.638837	36.450000
1943.377419	33.650000
1945.113910	36.620000
1946.850043	36.305000
1948.587550	35.990000
1950.321235	35.860000
1952.056295	37.470000
1953.789266	34.610000
1955.521881	34.820000
1957.254140	31.370000
1958.986042	33.260000
1960.715858	28.660000
1962.443589	32.430000
1964.172695	35.570000
1965.901445	36.350000
1967.628113	30.770000
1969.354426	34.340000
1971.082112	35.260000
1972.804262	35.290000
1974.529513	34.190000
1976.250957	34.990000
1977.975501	30.960000
1979.697966	36.850000
1981.416628	32.860000
1983.138388	31.470000
1984.856346	36.030000
1986.575677	37.140000
1988.291209	33.250000
1990.011561	31.500000
1991.728115	34.730000
1993.440872	35.100000
1995.156725	30.850000
1996.870506	40.950000
1998.583937	40.970000
2000.295297	31.360000
2002.008029	37.060000
2003.716971	38.570000
2005.429005	30.710000
2007.135530	33.170000
2008.845148	37.340000
2010.552698	34.300000
2012.259901	37.560000
2013.965038	35.270000
2015.669829	38.740000
2017.375991	34.960000
2019.078371	38.980000
2020.782122	29.750000
2022.483811	25.850000
2024.185154	39.360000
2025.886153	34.710000
2027.585090	35.470000
2029.285399	34.940000
2030.981932	35.330000
2032.679837	35.960000
2034.375684	32.580000
2036.074616	34.920000
2037.768062	33.990000
2039.462879	36.920000
2041.157354	36.240000
2042.848060	34.520000
2044.541850	34.710000
2046.231873	36.300000
2047.923267	35.930000
2049.612608	34.620000
2051.303319	32.010000
2052.990267	38.790000
2054.676876	36.460000
2056.364854	32.440000
2058.049073	31.110000
2059.734663	30.960000
2061.419912	29.720000
2063.103114	35.810000
2064.787686	36.720000
2066.466794	36.710000
2068.150689	36.320000
2069.829122	36.640000
2071.510633	33.860000
2073.188392	32.320000
2074.865815	29.430000
2076.544607	34.390000
2078.221357	30.260000
2079.896064	36.060000
2081.572142	26.750000
2083.246178	33.830000
2084.919880	34.370000
2086.593246	29.420000
2088.264573	36.130000
2089.935566	30.370000
2091.606225	32.500000
2093.276550	31.060000
2094.946541	39.400000
2096.614496	36.870000
2098.282117	32.920000
2099.947705	32.630000
2101.614661	33.740000
2103.279584	36.540000
2104.944175	35.230000
2106.606734	31.670000
2108.270661	34.050000
2109.932557	34.030000
2111.594123	35.490000
2113.255357	33.720000
2114.914563	35.760000
2116.573438	39.520000
2118.231984	36.920000
2119.890199	34.640000
2121.544692	41.970000
2123.202249	31.580000
2124.859476	36.740000
2126.512983	31.630000
2128.167857	34.580000
2129.819012	38.260000
2131.473230	33.950000
2133.123730	34.360000
2134.775598	37.100000
2136.422057	35.980000
2138.073271	29.910000
2139.720771	35.090000
2141.369638	35.100000
2143.016486	38.180000
2144.663009	30.450000
2146.309206	34.090000
2147.951695	33.560000
2149.597241	34.280000
2151.239082	38.010000
2152.883979	33.820000
2154.525170	31.340000
2156.166038	32.390000
2157.806583	34.570000
2159.445115	35.250000
2161.085013	37.160000
2162.721211	39.910000
2164.358775	36.020000
2165.996017	29.690000
2167.631249	33.680000
2169.266159	36.910000
2170.900748	30.600000
2172.535016	30.040000
2174.165590	30.590000
2175.799216	33.280000
2177.429150	38.260000
2179.060449	35.440000
2180.689743	36.700000
2182.318718	29.880000
2183.947373	36.260000
2185.575709	33.060000
2187.202043	32.960000
2188.828057	27.110000
2190.452071	34.960000
2192.077450	30.310000
2193.700828	37.470000
2195.325571	36.640000
2196.946633	36.610000
2198.567378	29.450000
2200.189487	35.190000
2201.809599	32.440000
2203.427715	31.050000
2205.045515	34.900000
2206.663000	33.550000
2208.280169	37.390000
2209.897023	33.460000
2211.513561	30.610000
2213.128107	23.980000
2214.740660	31.800000
2216.354577	30.940000
2217.966503	33.330000
2219.579792	31.240000
2221.191091	36.510000
2222.800400	32.960000
2224.411073	27.080000
2226.019757	38.840000
2227.628128	29.740000
2229.234513	33.140000
2230.842260	34.570000
2232.448022	35.900000
2234.053472	29.770000
2235.656937	31.530000
2237.261765	34.920000
2238.864609	37.860000
2240.465470	37.400000
2242.067694	30.530000
2243.667936	27.830000
2245.269540	30.260000
2246.867491	36.050000
2248.466805	34.110000
2250.064139	31.630000
2251.661165	36.330000
2253.259553	30.800000
2254.854292	37.760000
2256.447054	34.320000
2258.041179	37.230000
2259.636665	39.390000
2261.228506	35.450000
2262.820041	30.650000
2264.412938	35.000000
2266.000525	34.960000
2267.592808	35.360000
2269.179785	35.840000
2270.769789	33.520000
2272.354489	33.570000
2273.943883	36.770000
2275.527974	30.920000
2277.113427	33.150000
2278.696911	34.200000
2280.283420	32.200000
2281.866296	28.830000
2283.448869	34.900000
2285.031138	28.020000
2286.609777	28.460000
2288.191441	36.840000
2289.769476	36.810000
2291.350534	27.420000
2292.927965	30.710000
2294.503433	34.000000
2296.081923	34.330000
2297.656789	31.790000
2299.231354	30.210000
2300.805618	32.120000
2302.379583	34.150000
2303.953246	35.830000
2305.526610	34.980000
2307.096355	31.440000
2308.665801	32.530000
2310.238265	33.450000
2311.805455	36.280000
2313.375663	31.280000
2314.942256	33.700000
2316.510209	28.990000
2318.076206	32.740000
2319.641906	39.510000
2321.207308	36.170000
2322.770757	33.250000
2324.335565	42.450000
2325.896765	44.730000
2327.460979	47.150000
2329.019931	54.300000
2330.581897	47.490000
2332.141913	40.450000
2333.701633	34.610000
2335.259405	31.060000
2336.816881	31.320000
2338.374063	30.850000
2339.929297	35.500000
2341.484238	30.200000
2343.038884	32.800000
2344.593237	35.400000
2346.147296	30.180000
2347.701062	29.660000
2349.252883	30.670000
2350.802762	33.860000
2352.355648	29.380000
2353.903291	32.600000
2355.453943	31.640000
2357.001003	33.040000
2358.549421	28.740000
2360.097548	37.430000
2361.642086	29.280000
2363.187982	34.140000
2364.731940	26.680000
2366.277254	31.430000
2367.818985	35.190000
2369.362072	28.840000
2370.903223	32.910000
2372.444085	37.370000
2373.984658	32.220000
2375.524942	32.670000
2377.064937	34.550000
2378.601354	37.750000
2380.140772	30.480000
2381.676612	33.130000
2383.213810	33.290000
2384.747432	32.710000
2386.284054	37.460000
2387.818746	39.460000
2389.351508	34.820000
2390.883983	31.570000
2392.414530	32.420000
2393.948075	32.680000
2395.476409	33.360000
2397.006099	36.190000
2398.535504	36.050000
2400.064624	36.740000
2401.593458	28.870000
2403.117088	31.490000
2404.645353	35.360000
2406.168416	34.770000
2407.696112	31.160000
2409.216969	31.490000
2410.742458	35.020000
2412.264388	35.100000
2413.787672	36.790000
2415.309036	36.510000
2416.828480	39.720000
2418.349279	34.900000
2419.868159	32.210000
2421.386758	32.940000
2422.903439	35.610000
2424.421474	32.700000
2425.939228	34.000000
2427.453430	37.190000
2428.967353	23.490000
2430.480995	35.740000
2431.995992	34.470000
2433.507440	31.970000
2435.020242	32.520000
2436.531132	26.990000
2438.041743	30.360000
2439.550442	37.290000
2441.062127	33.730000
2442.570269	34.220000
2444.078133	35.870000
2445.585718	33.370000
2447.089764	38.080000
2448.596794	35.500000
2450.101916	36.320000
2451.606761	35.020000
2453.109699	33.900000
2454.612361	30.910000
2456.114746	37.150000
2457.615226	30.540000
2459.117059	32.080000
2460.616987	36.850000
2462.116640	35.490000
2463.616018	32.330000
2465.113493	32.320000
2466.609066	28.730000
2468.107619	34.740000
2469.602644	30.110000
2471.099021	35.710000
2472.591872	31.080000
2474.086076	34.380000
2475.580006	30.430000
2477.070412	33.840000
2478.563796	37.430000
2480.055282	31.680000
2481.544871	34.560000
2483.034188	35.090000
2484.521609	38.150000
2486.012006	36.520000
2487.498885	38.620000
2488.987115	32.630000
2490.471828	35.130000
2491.956272	34.050000
2493.442066	28.710000
2494.925969	29.110000
2496.411222	29.320000
2497.891342	28.030000
2499.374435	29.410000
2500.855637	33.690000
2502.336570	31.820000
2503.815614	35.060000
2505.294389	30.470000
2506.772896	26.710000
2508.251135	32.650000
2509.729105	34.160000
2511.203570	35.060000
2512.681005	35.870000
2514.154936	32.310000
2515.630217	29.480000
2517.105231	34.060000
2518.576744	32.420000
2520.049608	35.420000
2521.520589	29.720000
2522.992920	34.220000
2524.460137	26.630000
2525.930321	33.390000
2527.398624	35.900000
2528.866662	30.360000
2530.334435	29.120000
2531.801943	25.150000
2533.269186	27.150000
2534.732937	34.880000
2536.198038	31.750000
2537.661262	34.690000
2539.125835	29.530000
2540.586920	32.900000
2542.049354	32.190000
2543.511525	30.140000
2544.970210	28.320000
2546.433466	33.760000
2547.891626	34.040000
2549.351136	30.420000
2550.805551	28.090000
2552.264537	28.570000
2553.721651	35.060000
2555.176893	30.570000
2556.631875	32.430000
2558.084988	31.940000
2559.539448	34.800000
2560.992040	36.480000
2562.444372	32.990000
2563.894837	34.820000
2565.348257	33.870000
2566.796595	34.530000
2568.247888	34.440000
2569.697316	34.830000
2571.143271	34.310000
2572.592181	30.640000
2574.037621	36.040000
2575.484408	34.580000
2576.929332	32.180000
2578.373999	36.540000
2579.820013	29.140000
2581.262561	28.090000
2582.706456	38.310000
2584.146885	31.420000
2585.588663	33.340000
2587.028581	25.930000
2588.469846	34.920000
2589.907649	30.350000
2591.348402	33.430000
2592.784093	32.200000
2594.222732	33.570000
2595.659515	30.390000
2597.094442	28.270000
2598.532316	30.750000
2599.965133	32.580000
2601.399297	31.070000
2602.831607	31.260000
2604.265263	31.890000
2605.697066	30.750000
2607.128615	34.620000
2608.559912	32.700000
2609.989356	37.090000
2611.418548	35.080000
2612.845890	33.580000
2614.274577	28.050000
2615.703013	27.370000
2617.128001	33.510000
2618.554336	33.730000
2619.978822	34.780000
2621.404654	36.340000
2622.827042	30.280000
2624.250776	30.070000
2625.672663	32.180000
2627.094300	32.790000
2628.514093	35.890000
2629.935231	30.030000
2631.356119	32.950000
2632.773568	28.210000
2634.193958	32.230000
2635.610910	32.960000
2637.027613	34.960000
2638.444068	34.490000
2639.860275	28.910000
2641.276234	34.350000
2642.690352	33.760000
2644.104222	35.370000
2645.516253	37.040000
2646.929629	35.140000
2648.339575	33.470000
2649.752457	40.550000
2651.161910	33.210000
2652.571117	35.920000
2653.978488	44.990000
2655.388793	37.420000
2656.797263	38.160000
2658.203897	39.920000
2659.610286	41.840000
2661.014841	37.680000
2662.420740	41.140000
2663.824806	37.070000
2665.228627	42.420000
2666.632204	45.160000
2668.033950	44.290000
2669.437039	47.710000
2670.836710	44.650000
2672.237725	44.740000
2673.635324	50.370000
2675.035852	46.790000
2676.432966	47.490000
2677.831423	49.150000
2679.228053	50.600000
2680.624440	48.140000
2682.020585	48.310000
2683.414904	50.620000
2684.810566	49.720000
2686.202819	56.300000
2687.596414	52.560000
2688.988185	50.240000
2690.381299	46.100000
2691.772589	58.390000
2693.162056	46.540000
2694.551283	48.760000
2695.940271	50.560000
2697.330600	44.070000
2698.715946	52.680000
2700.104215	44.520000
2701.490664	47.630000
2702.876874	43.040000
2704.262845	41.140000
2705.645418	45.370000
2707.029333	42.310000
2708.413010	45.150000
2709.796448	35.470000
2711.176491	43.620000
2712.557876	44.120000
2713.937446	38.410000
2715.318356	41.100000
2716.697452	44.840000
2718.074734	37.420000
2719.453357	37.970000
2720.830166	42.140000
2722.206740	31.560000
2723.583078	35.060000
2724.957604	34.650000
2726.333471	34.570000
2727.705952	35.200000
2729.081348	32.320000
2730.451784	33.250000
2731.823561	34.620000
2733.195103	37.010000
2734.564837	35.320000
2735.935911	31.490000
2737.305178	36.590000
2738.674211	30.020000
2740.041438	32.760000
2741.408431	30.240000
2742.775192	28.690000
2744.141720	28.250000
2745.506444	31.500000
2746.870935	32.450000
2748.235195	34.390000
2749.599222	30.200000
2750.963018	30.600000
2752.323440	28.150000
2753.686772	28.950000
2755.045162	26.300000
2756.406462	30.850000
2757.764392	30.870000
2759.125230	27.990000
2760.484268	29.150000
2761.839939	34.000000
2763.198517	26.640000
2764.553728	30.250000
2765.908710	30.740000
2767.261895	25.940000
2768.617987	31.690000
2769.970715	27.590000
2771.323215	35.360000
2772.675486	28.490000
2774.029095	26.700000
2775.379344	31.540000
2776.727798	27.330000
2778.079157	25.320000
2779.427158	27.450000
2780.776496	32.350000
2782.124042	31.810000
2783.471362	31.370000
2784.818455	27.470000
2786.163756	25.860000
2787.508832	31.410000
2788.853682	30.190000
2790.198306	26.710000
2791.539578	24.690000
2792.882187	25.540000
2794.224572	30.500000
2795.566731	34.990000
2796.905541	31.680000
2798.247251	24.970000
2799.585612	26.470000
2800.925311	25.930000
2802.263225	34.480000
2803.599353	24.000000
2804.935259	28.080000
2806.272502	28.190000
2807.607961	30.440000
2808.943197	32.640000
2810.276650	26.780000
2811.611440	29.680000
2812.942890	29.300000
2814.277235	31.370000
2815.606682	26.790000
2816.937465	27.230000
2818.268028	28.120000
2819.596811	31.480000
2820.926930	28.140000
2822.255271	28.900000
2823.583391	25.710000
2824.909733	30.470000
2826.237412	32.500000
2827.561757	29.560000
2828.887439	32.280000
2830.211345	27.860000
2831.535031	26.570000
2832.860053	28.200000
2834.181746	27.190000
2835.503220	23.260000
2836.824475	28.080000
2838.145511	25.010000
2839.464774	25.650000
2840.785373	32.170000
2842.104200	34.520000
2843.422810	30.100000
2844.739648	28.550000
2846.056269	24.700000
2847.372673	29.910000
2848.687307	27.040000
2850.003277	25.370000
2851.315926	28.690000
2852.629910	29.710000
2853.943678	28.580000
2855.257229	27.380000
2856.569014	24.960000
2857.879032	28.910000
2859.190385	28.190000
2860.498423	30.010000
2861.807795	27.630000
2863.116952	28.810000
2864.425895	26.520000
2865.733073	25.700000
2867.038489	26.310000
2868.345238	27.870000
2869.650226	29.380000
2870.954999	28.370000
2872.258012	21.260000
2873.563905	26.180000
2874.864944	29.710000
2876.167317	30.130000
2877.467930	25.160000
2878.769877	27.550000
2880.071610	26.190000
2881.370040	32.450000
2882.669803	25.040000
2883.967809	25.430000
2885.265603	29.420000
2886.561641	26.850000
2887.859012	27.760000
2889.154627	29.990000
2890.450031	21.890000
2891.745224	24.860000
2893.037120	26.740000
2894.331892	27.110000
2895.623367	27.030000
2896.916175	31.350000
2898.208773	26.450000
2899.498077	24.840000
2900.788713	26.440000
2902.077598	27.540000
2903.367815	30.670000
2904.654741	25.830000
2905.942999	27.790000
2907.229508	27.140000
2908.515808	29.850000
2909.801900	28.430000
2911.086245	21.660000
2912.373460	25.700000
2913.655849	23.760000
2914.939570	27.690000
2916.221545	35.140000
2917.503312	24.350000
2918.783334	27.570000
2920.066227	26.440000
2921.347374	27.820000
2922.625239	22.840000
2923.905973	25.940000
2925.183426	23.850000
2926.460673	24.290000
2927.736178	26.250000
2929.014551	31.940000
2930.288110	30.470000
2931.564536	25.220000
2932.839221	18.070000
2934.112165	25.280000
2935.386441	27.670000
2936.658977	21.490000
2937.931308	25.840000
2939.200367	30.030000
2940.472291	25.410000
2941.742477	26.120000
2943.012459	28.850000
2944.282238	28.210000
2945.550281	29.470000
2946.816587	24.930000
2948.082691	30.420000
2949.350126	23.980000
2950.615825	29.030000
2951.881323	25.150000
2953.146618	29.090000
2954.408648	26.280000
2955.672008	22.450000
2956.935167	25.120000
2958.196594	25.820000
2959.459350	29.540000
2960.720374	21.430000
2961.979668	29.180000
2963.238761	23.710000
2964.497655	22.650000
2965.756348	24.080000
2967.014841	26.190000
2968.271604	34.080000
2969.528169	26.830000
2970.783005	22.400000
2972.039171	29.210000
2973.292082	27.970000
2974.546321	26.810000
2975.800362	29.310000
2977.052677	28.540000
2978.304794	20.620000
2979.555186	24.240000
2980.808433	25.310000
2982.056903	26.680000
2983.308228	28.440000
2984.556303	25.960000
2985.804181	21.460000
2987.051863	29.940000
2988.299347	28.870000
2989.545110	20.770000
2990.790677	27.130000
2992.037571	24.410000
2993.281221	27.000000
2994.526199	28.970000
2995.767933	28.710000
2997.012519	28.580000
2998.255386	26.690000
2999.495012	27.560000
3000.737488	19.200000
3001.976724	30.140000
3003.217288	23.440000
3004.456135	24.580000
3005.694788	32.190000
3006.931725	21.260000
3008.169990	22.110000
3009.406539	26.110000
3010.642895	23.360000
3011.879057	23.320000
3013.113505	30.900000
3014.347760	25.950000
3015.581823	22.470000
3016.814172	25.160000
3018.044810	24.910000
3019.278294	25.990000
3020.510067	25.170000
3021.740129	29.670000
3022.969998	26.040000
3024.198158	27.390000
3025.427645	31.440000
3026.655422	25.540000
3027.883008	26.860000
3029.111920	24.420000
3030.336090	30.220000
3031.563104	23.530000
3032.786893	23.770000
3034.012009	29.150000
3035.235418	24.590000
3036.458637	24.950000
3037.680151	20.140000
3038.904506	24.120000
3040.124126	23.650000
3041.345072	24.040000
3042.565829	30.970000
3043.784882	26.830000
3045.005260	24.220000
3046.222422	22.030000
3047.440910	28.170000
3048.657695	25.470000
3049.874293	21.970000
3051.090702	28.050000
3052.303898	21.610000
3053.519933	25.790000
3054.732755	23.210000
3055.948413	27.450000
3057.159350	21.960000
3058.371611	25.400000
3059.583685	24.310000
3060.795573	26.360000
3062.005764	21.500000
3063.215768	21.870000
3064.425586	23.250000
3065.633708	23.160000
3066.841645	27.480000
3068.047886	25.150000
3069.255452	27.130000
3070.461323	28.915000
3071.667009	30.700000
3072.872511	24.270000
3074.076319	25.220000
3075.281451	25.420000
3076.484890	26.600000
3077.686638	22.350000
3078.888201	24.940000
3080.089581	21.150000
3081.290777	21.220000
3082.490283	24.810000
3083.689606	27.190000
3084.890252	24.480000
3086.089208	23.460000
3087.284970	23.630000
3088.483560	25.380000
3089.678958	24.090000
3090.875678	24.630000
3092.069206	25.930000
3093.265562	28.350000
3094.460231	24.350000
3095.651710	19.610000
3096.847521	21.260000
3098.038637	25.870000
3099.231077	26.950000
3100.420329	22.430000
3101.612406	20.970000
3102.802800	23.350000
3103.990008	22.880000
3105.178538	26.260000
3106.368391	24.040000
3107.555060	23.750000
3108.741548	21.380000
3109.927858	21.640000
3111.115489	21.310000
3112.299938	21.970000
3113.482708	22.390000
3114.668300	19.340000
3115.852213	23.980000
3117.034447	21.020000
3118.216502	24.300000
3119.398379	19.620000
3120.580078	23.290000
3121.760100	20.600000
3122.938445	20.520000
3124.119610	22.400000
3125.297600	26.410000
3126.475413	25.250000
3127.653049	19.950000
3128.829010	23.920000
3130.004795	24.240000
3131.181901	24.790000
3132.357332	19.480000
3133.531090	20.310000
3134.703175	23.470000
3135.876582	26.480000
3137.049812	21.290000
3138.221371	23.130000
3139.394250	26.360000
3140.563962	28.110000
3141.734995	32.080000
3142.904358	26.090000
3144.072050	24.910000
3145.242558	21.560000
3146.408408	25.480000
3147.578566	31.460000
3148.744068	21.910000
3149.909395	22.910000
3151.074549	28.600000
3152.239530	20.810000
3153.405830	26.700000
3154.567478	17.770000
3155.730445	25.300000
3156.893240	24.300000
3158.055862	22.450000
3159.216818	18.570000
3160.377603	19.570000
3161.538215	24.940000
3162.697163	21.050000
3163.855940	20.840000
3165.014544	23.550000
3166.172977	24.620000
3167.331239	20.220000
3168.487838	27.730000
3169.642776	22.830000
3170.799033	18.480000
3171.953629	23.240000
3173.108055	19.570000
3174.260821	19.540000
3175.413416	21.250000
3176.565842	19.610000
3177.718098	23.000000
3178.870183	22.700000
3180.019122	16.970000
3181.170869	22.720000
3182.320957	20.460000
3183.469389	27.810000
3184.617651	19.990000
3185.765745	21.080000
3186.913670	21.850000
3188.059939	23.170000
3189.206040	19.270000
3190.350487	23.760000
3191.494766	23.930000
3192.638877	28.170000
3193.784305	21.640000
3194.926595	20.200000
3196.068718	19.720000
3197.210673	24.560000
3198.352461	26.080000
3199.494082	22.290000
3200.632568	22.350000
3201.772371	20.990000
3202.913491	16.440000
3204.051478	29.380000
3205.187815	21.480000
3206.323986	17.950000
3207.461474	23.000000
3208.597314	21.090000
3209.734471	17.270000
3210.867015	21.810000
3212.003841	20.560000
3213.136055	23.010000
3214.269586	23.310000
3215.402953	15.620000
3216.533192	18.320000
3217.666229	24.570000
3218.796140	24.960000
3219.927367	25.080000
3221.055470	21.290000
3222.186369	20.630000
3223.315624	25.840000
3224.443236	24.360000
3225.567725	17.690000
3226.696490	19.420000
3227.822133	22.210000
3228.947613	18.640000
3230.071452	20.010000
3231.198086	22.660000
3232.320122	19.200000
3233.443474	20.660000
3234.566664	23.560000
3235.689691	18.260000
3236.811080	16.370000
3237.932306	24.990000
3239.051894	20.720000
3240.171321	23.370000
3241.289111	21.830000
3242.409692	19.850000
3243.527160	25.040000
3244.644467	24.250000
3245.761614	17.900000
3246.877124	22.780000
3247.993950	23.920000
3249.107666	21.000000
3250.224171	23.900000
3251.339042	22.950000
3252.450803	18.470000
3253.562406	26.140000
3254.675324	21.730000
3255.788082	21.900000
3256.897734	21.520000
3258.008701	23.400000
3259.119509	19.760000
3260.228685	26.670000
3261.336230	23.030000
3262.445090	22.660000
3263.553792	22.060000
3264.659391	19.890000
3265.766304	19.580000
3266.871588	25.540000
3267.978186	28.130000
3269.081684	24.150000
3270.186496	23.510000
3271.291151	20.210000
3272.392708	21.570000
3273.494108	21.790000
3274.596822	23.120000
3275.699380	25.900000
3276.798841	18.730000
3277.901086	25.230000
3279.000235	16.520000
3280.097760	21.900000
3281.195129	20.440000
3282.295280	19.920000
3283.392339	21.140000
3284.489242	22.560000
3285.585990	22.790000
3286.678179	20.190000
3287.774618	24.890000
3288.869434	25.090000
3289.964096	17.760000
3291.057136	23.830000
3292.150021	19.880000
3293.241286	24.540000
3294.333864	17.210000
3295.424822	21.530000
3296.514160	19.740000
3297.603345	21.930000
3298.693842	21.050000
3299.781256	20.320000
3300.868516	18.280000
3301.957089	21.040000
3303.045509	18.760000
3304.129383	19.040000
3305.217498	23.510000
3306.302531	18.790000
3307.385949	21.680000
3308.470679	18.990000
3309.553793	20.510000
3310.638220	23.100000
3311.719568	22.770000
3312.802228	23.190000
3313.883274	22.490000
3314.964168	22.770000
3316.043450	19.510000
3317.122581	23.690000
3318.203024	24.140000
3319.280392	22.440000
3320.359072	21.780000
3321.436140	21.090000
3322.513059	24.440000
3323.588366	20.770000
3324.663524	20.410000
3325.739993	23.860000
3326.813392	17.660000
3327.886641	18.990000
3328.961202	23.610000
3330.034154	22.400000
3331.105497	20.180000
3332.178151	23.370000
3333.247739	20.380000
3334.318637	21.470000
3335.387928	21.380000
3336.458529	23.710000
3337.527525	17.750000
3338.594914	19.890000
3339.660698	26.280000
3340.730708	20.090000
3341.797655	18.870000
3342.861540	19.880000
3343.928192	22.870000
3344.993241	19.000000
3346.056686	24.380000
3347.119985	15.100000
3348.183137	16.400000
3349.246143	24.530000
3350.309003	16.190000
3351.370261	19.030000
3352.428462	19.990000
3353.490883	19.730000
3354.550249	18.150000
3355.609469	18.230000
3356.669998	18.640000
3357.726019	19.220000
3358.784803	18.730000
3359.839080	20.720000
3360.896121	20.900000
3361.951563	18.240000
3363.008315	23.530000
3364.063468	21.870000
3365.117024	21.900000
3366.168984	21.110000
3367.223705	15.560000
3368.275377	26.380000
3369.326906	20.900000
3370.379743	19.800000
3371.429533	15.340000
3372.480632	19.120000
3373.528684	21.690000
3374.579497	15.880000
3375.627264	17.160000
3376.674889	19.450000
3377.722372	16.600000
3378.768262	19.270000
3379.815460	20.390000
3380.859616	18.780000
3381.906530	19.520000
3382.951852	20.930000
3383.994133	14.880000
3385.036273	19.060000
3386.079722	21.710000
3387.123029	19.380000
3388.164746	20.700000
3389.206323	20.950000
3390.247758	19.650000
3391.287605	21.930000
3392.325863	18.690000
3393.365429	18.930000
3394.404855	20.740000
3395.442693	22.050000
3396.478944	22.810000
3397.515056	22.350000
3398.552475	26.040000
3399.586861	22.430000
3400.622554	16.660000
3401.658108	18.600000
3402.690631	20.680000
3403.725906	18.890000
3404.758152	20.830000
3405.790259	22.770000
3406.820782	21.720000
3407.852612	16.950000
3408.884304	17.000000
3409.912968	24.230000
3410.941495	20.100000
3411.971328	20.970000
3413.001024	25.730000
3414.027694	17.960000
3415.055670	16.000000
3416.080623	20.710000
3417.108325	20.530000
3418.133003	23.950000
3419.158989	19.740000
3420.183394	18.700000
3421.207663	21.610000
3422.230353	18.810000
3423.252907	17.430000
3424.276767	25.490000
3425.297607	18.790000
3426.318311	16.080000
3427.340322	21.630000
3428.359314	17.920000
3429.378170	21.770000
3430.398333	17.910000
3431.415479	20.150000
