-118.059454	5.329670
-115.389854	1.149451
-112.723189	-1.860240
-110.057276	-3.833666
-107.394295	-4.905095
-104.729885	-5.208791
-102.068405	-4.879021
-99.405496	-4.914685
-96.747693	-2.147552
-94.088461	-2.644755
-91.429977	2.281119
-88.774417	-0.867133
-86.117429	-1.616783
-83.465539	-3.395105
-80.812218	-0.446154
-78.161818	-2.619580
-75.509988	-0.548252
-72.863249	-0.734965
-70.215081	4.768531
-67.567655	4.566434
-64.923143	9.116084
-62.277203	8.649650
-59.636344	10.644056
-56.994056	3.903497
-54.354677	2.860140
-51.713868	1.129371
-49.073800	3.780420
-46.438804	0.725874
-43.802380	2.511189
-41.168858	4.279720
-38.533908	9.332867
-35.904023	10.570629
-33.270546	15.243357
-30.642131	16.913287
-28.014450	16.549650
-25.385340	5.563636
-22.761287	-39.434965
-20.133645	-227.737762
-17.511056	-542.543357
-14.889199	-918.633566
-12.268072	159.097203
-9.647675	2801.319580
-7.030167	5066.532168
-4.411230	6680.506993
-1.795178	7633.905594
0.820145	7928.704196
3.434741	7560.976923
6.046454	6537.049650
8.659596	4887.777622
11.267704	2720.160140
13.879394	461.111888
16.486053	-1185.568531
19.094140	-1022.116084
21.701503	-100.258741
24.303841	18.356643
26.909757	16.000699
29.510651	13.830769
32.112973	11.939161
34.710278	8.883916
37.311158	2.927273
39.907023	2.277622
42.504317	0.937762
45.100891	4.001399
47.692456	5.239860
50.285449	9.010490
52.875581	11.544755
55.467141	13.620979
58.055841	9.824476
60.645968	10.099301
63.231096	5.695804
65.817652	2.137762
68.403494	-2.199301
70.986482	-0.305594
73.570896	2.001399
76.148182	6.272028
78.729034	7.558741
81.307037	11.018881
83.884330	10.268531
86.463049	11.124476
89.036786	6.728671
91.611951	5.351748
94.184272	4.193706
96.755885	4.488112
99.324658	5.527273
101.894858	7.762238
104.462220	7.788112
107.031007	10.692308
109.596958	10.159441
112.160074	11.348951
114.726746	13.551748
117.284197	15.024476
119.847333	16.033566
122.405509	18.051748
124.967240	29.297902
127.524014	48.362238
130.082215	78.012587
132.635462	115.724476
135.188012	162.139161
137.744112	220.729371
140.295264	277.784615
142.845719	336.691608
145.395476	390.534266
147.942414	432.164336
150.488657	457.739860
153.036325	470.969231
155.583297	477.896503
158.125334	477.712587
160.666677	472.241958
163.207327	464.093706
165.749403	458.909790
168.288667	457.015385
170.825123	454.854545
173.360887	455.837063
175.898077	457.261538
178.434576	454.800699
180.968269	449.169231
183.499158	448.667133
186.029360	447.144755
188.560986	445.268531
191.089811	440.858741
193.615837	439.557343
196.141177	441.077622
198.667942	443.847552
201.191911	446.099301
203.715195	446.916783
206.237794	446.383217
208.757600	447.988811
211.276723	449.902098
213.795163	455.747552
216.315027	463.042657
218.827890	471.176224
221.344284	481.364336
223.859996	492.043357
226.370818	502.700000
228.883065	515.890909
231.392530	520.906993
233.901316	524.969930
236.409423	526.829371
238.918955	532.707692
241.423606	533.821678
243.927581	538.881119
246.432980	541.334965
248.933504	549.153846
251.437552	552.265734
253.934628	552.709091
256.435228	550.888112
258.933056	553.124476
261.430211	549.439860
263.926693	552.413986
266.418312	554.163636
268.913451	559.729371
271.405823	567.365035
273.897525	574.872727
276.386464	577.322378
278.876827	583.319580
281.364427	587.486713
283.849268	593.414685
286.337624	596.013986
288.819040	608.204196
291.303970	622.624476
293.784055	645.674825
296.267652	665.304196
298.746406	683.015385
301.226584	696.127273
303.704009	698.083217
306.180771	692.466434
308.656870	687.347552
311.130220	688.813287
313.602908	687.563636
316.074935	685.180420
318.546301	682.545455
321.014922	678.361538
323.482885	675.348252
325.952269	665.228671
328.416831	652.018182
330.884897	636.062238
333.348143	618.063636
335.810731	601.782517
338.272663	596.264336
340.733938	595.153846
343.192479	593.275524
345.652442	589.842657
348.109672	583.816084
350.566248	578.896503
353.022170	574.867832
355.475362	568.720280
357.929977	565.352448
360.379790	564.163636
362.833099	561.992308
365.281610	559.395105
367.729469	561.925175
370.178751	557.724476
372.623239	554.722378
375.069149	547.353846
377.514409	542.906294
379.956951	536.349650
382.398845	532.344755
384.840092	528.103497
387.278623	525.443357
389.718576	526.120280
392.155815	526.281818
394.590342	525.360839
397.028357	529.590909
399.461595	529.146853
401.896254	531.031469
404.326141	528.677622
406.759513	529.741259
409.188115	525.416783
411.616075	525.330070
414.045457	520.502098
416.470073	520.649650
418.896111	520.297902
421.321508	524.972727
423.746265	528.415385
426.166264	533.900699
428.587684	534.818182
431.006407	535.267133
433.426551	531.911888
435.844000	527.923776
438.262869	518.795105
440.679045	514.117483
443.090473	504.868531
445.505379	501.441259
447.917594	492.526573
450.329175	490.484615
452.740122	489.980420
455.148383	487.460839
457.556011	483.143357
459.963007	482.861538
462.369372	481.469930
464.773054	483.646853
467.176106	486.041259
469.578528	490.020280
471.980320	495.306993
474.379435	503.104196
476.779969	508.439161
479.179874	516.683916
481.575056	530.654545
483.973705	540.553846
486.367634	552.600699
488.760937	572.955944
491.153614	589.218182
493.545666	608.187413
495.939136	619.595804
498.327894	609.690909
500.713986	533.878322
503.101498	374.765734
505.488387	444.855944
507.872612	1526.667133
510.258255	3898.554545
512.641237	6842.427972
515.021558	9464.720280
517.403298	11350.377622
519.782379	12331.106294
522.162879	12356.295804
524.540721	11417.989510
526.915908	9581.916084
529.290477	7013.735664
531.666464	4143.874825
534.039799	1760.869930
536.414551	629.871329
538.784618	563.012587
541.154069	755.644056
543.524938	797.339161
545.891127	766.048252
548.258734	716.248951
550.623695	672.538462
552.988043	631.876224
555.351778	601.052448
557.716931	570.530769
560.077412	546.034965
562.439311	527.631469
564.798569	510.113287
567.155190	493.744755
569.515255	480.880420
571.868629	468.730769
574.225448	457.469231
576.579632	448.135664
578.933208	443.247552
581.286175	434.176224
583.636510	431.127273
585.988263	424.660839
588.333339	419.767832
590.683879	416.864336
593.027745	416.080420
595.377073	413.053147
597.721752	414.484615
600.063807	412.739860
602.407279	414.589510
604.748128	418.669231
607.088375	421.522378
609.426001	422.900699
611.767062	428.574126
614.103485	430.111189
616.441325	428.616084
618.776548	426.220979
621.109155	424.609790
623.443178	415.297902
625.774587	407.198601
628.105398	393.570629
630.435612	386.003497
632.765227	376.762238
635.090220	372.753846
637.420653	367.611189
639.746466	369.205594
642.069671	371.395105
644.394293	374.072727
646.716309	374.764336
649.037731	376.694406
651.356551	372.925874
653.676786	370.746154
655.996428	371.442657
658.313469	371.438462
660.629918	372.176224
662.943769	378.051748
665.259036	376.459441
667.571706	381.459441
669.885791	382.462937
672.195276	383.014685
674.506177	376.710490
676.814485	374.267133
679.122205	367.481818
681.431339	363.867832
683.735881	358.169930
686.039837	348.683916
688.343207	343.946853
690.647991	340.688112
692.948189	332.372028
695.249801	330.050350
697.550829	326.742657
699.847274	325.555245
702.145135	322.893007
704.442412	323.601399
706.739106	324.417483
709.031224	322.965734
711.326753	317.709091
713.617708	315.430070
715.910078	314.860839
718.199873	317.091608
720.489087	317.076224
722.777722	316.844755
725.063784	316.355245
727.351261	317.574825
729.636166	316.844056
731.920494	319.881818
734.202253	321.365035
736.485426	324.021678
738.768022	324.174825
741.046062	324.997902
743.325517	325.267832
745.604395	325.050350
747.882699	325.684615
750.156453	323.952448
752.431620	323.804196
754.706214	325.197203
756.978249	324.516084
759.251697	326.615385
761.522587	327.554545
763.790921	331.777622
766.060668	334.406294
768.327861	335.374126
770.594483	336.049650
772.860535	338.151748
775.124036	338.251748
777.388950	339.985315
779.653294	342.798601
781.913109	345.747552
784.174336	344.900000
786.434996	346.864336
788.693110	351.679720
790.948679	355.944755
793.207639	357.350350
795.460100	361.179021
797.717927	357.820280
799.971236	357.178322
802.222005	353.779720
804.474186	354.642657
806.723828	355.358741
808.974883	356.745455
811.221426	354.500699
813.469381	361.306294
815.714802	357.993007
817.961634	359.124476
820.207905	356.483916
822.449671	359.786014
824.694821	354.219580
826.933498	354.278322
829.175557	352.910490
831.413118	354.651049
833.652091	353.304196
835.888537	351.507692
838.126394	346.029371
840.361726	347.815385
842.594535	343.606993
844.828755	345.889510
847.060452	344.634266
849.291595	348.090909
851.522183	348.787413
853.752217	349.697902
855.981697	350.989510
858.206695	358.329371
860.435068	355.769231
862.658961	353.383916
864.884266	350.073427
867.105095	351.716084
869.329296	350.509790
871.549024	348.704895
873.770162	350.041259
875.990750	355.081119
878.208829	356.988112
880.428317	355.893007
882.643339	353.896503
884.857814	359.170629
887.071740	357.275524
889.285120	357.295804
891.497952	353.683217
893.710238	354.806993
895.920021	356.029371
898.129259	357.753846
900.337952	362.779720
902.544146	365.582517
904.751749	361.346853
906.956854	361.589510
909.161416	362.188112
911.363483	368.323077
913.566959	367.828671
915.767941	373.841958
917.968381	373.389510
920.170230	381.476224
922.365688	396.373427
924.564505	416.961538
926.758883	448.109091
928.956619	486.412587
931.149919	538.164336
933.344628	602.902797
935.536851	663.374825
937.728535	720.160140
939.919682	758.204196
942.108346	792.955245
944.296474	807.813986
946.482121	818.344755
948.671120	820.313287
950.855696	810.333566
953.039737	798.453846
955.227128	796.977622
957.406215	800.372727
959.588653	806.909091
961.770557	817.386713
963.949986	826.750350
966.126943	824.240559
968.305308	833.339860
970.485080	842.073427
972.658503	842.924476
974.835272	845.478322
977.007634	845.246154
979.181404	834.992308
981.350770	830.681818
983.523480	813.602098
985.693725	793.806993
987.863441	770.643357
990.032628	730.303497
992.197418	686.979021
994.365549	656.895804
996.529286	628.943357
998.694429	588.520979
1000.857113	579.788112
1003.019272	575.413986
1005.178974	559.590909
1007.338151	546.593706
1009.498735	537.432168
1011.656865	536.629371
1013.814470	530.557343
1015.971552	522.469231
1018.128110	518.902797
1020.280289	521.914685
1022.433875	512.988112
1024.586939	503.350350
1026.737554	505.036364
1028.889576	516.213287
1031.037224	504.096503
1033.188204	492.313986
1035.334813	496.187413
1037.480903	492.772727
1039.626475	491.727972
1041.773452	498.346154
1043.914140	496.485315
1046.058158	518.017483
1048.199735	512.160140
1050.340796	512.388112
1052.483261	511.358741
1054.619447	523.801399
1056.758958	501.739161
1058.894115	496.693007
1061.032596	492.002098
1063.166723	479.298601
1065.300337	477.025175
1067.435356	467.967133
1069.566025	469.993706
1071.698099	485.181818
1073.827744	475.855245
1075.956877	475.811189
1078.085498	484.212587
1080.213608	487.532168
1082.339292	476.151049
1084.464466	480.381119
1086.591044	479.709790
1088.713284	467.974126
1090.836929	459.093706
1092.956239	437.826573
1095.080779	428.913986
1097.199073	405.641259
1099.318772	394.902797
1101.436052	387.200699
1103.552826	393.486014
1105.669093	395.855944
1107.782944	392.423776
1109.898200	396.839161
1112.009132	394.763636
1114.123377	391.573427
1116.233301	403.255245
1118.344629	393.591608
1120.455452	387.242657
1122.561959	370.230070
1124.671776	371.217483
1126.777278	367.074126
1128.884183	377.732168
1130.984873	380.216084
1133.090775	368.437063
1135.192368	359.586713
1137.295364	344.500699
1139.397859	342.512587
1141.494147	345.500000
1143.595643	342.245455
1145.692835	336.165035
1147.789530	340.728671
1149.885726	338.383916
1151.981425	336.757343
1154.076625	342.068531
1156.169429	340.172727
1158.263636	330.624476
1160.351651	326.755245
1162.444864	317.927273
1164.531889	320.200000
1166.622213	323.372028
1168.708250	330.689510
1170.797584	335.096503
1172.880737	340.374126
1174.965292	327.399301
1177.051249	322.450350
1179.132924	320.493706
1181.216001	319.304895
1183.296692	314.083916
1185.376891	313.039161
1187.456599	306.281818
1189.535816	303.158741
1191.612651	301.503497
1193.687105	304.680420
1195.764850	311.821678
1197.838326	306.718182
1199.913202	300.960140
1201.983811	304.106294
1204.055821	307.947552
1206.125456	307.200000
1208.196491	304.335664
1210.267038	308.954545
1212.333324	305.839860
1214.401011	302.938462
1216.466326	305.118182
1218.533041	308.669231
1220.595500	310.648951
1222.661244	308.707692
1224.722734	305.074126
1226.785625	310.420280
1228.846148	315.628671
1230.906187	313.660140
1232.965744	314.317483
1235.022935	322.294406
1237.079645	325.771329
1239.133991	325.198601
1241.191619	327.002098
1243.246884	326.700000
1245.297908	318.056643
1247.350332	316.402098
1249.402276	305.739161
1251.451862	305.332168
1253.500969	303.574126
1255.549598	294.359441
1257.597748	291.359441
1259.645419	287.369231
1261.688860	283.693007
1263.735577	283.316084
1265.779940	282.550350
1267.823827	282.186713
1269.865362	279.678322
1271.904548	285.607692
1273.947007	290.370629
1275.985243	312.773427
1278.024878	317.833566
1280.064038	327.222378
1282.098979	331.797203
1284.135319	326.556643
1286.169315	332.544755
1288.204708	337.179021
1290.235889	330.776224
1292.268467	326.781818
1294.300574	315.311189
1296.330340	318.580420
1298.361504	318.898601
1300.388460	324.115385
1302.416814	318.797203
1304.440963	319.709790
1306.468378	311.618182
1308.491590	312.839161
1310.516200	318.099301
1312.538476	320.360839
1314.562149	316.544755
1316.583489	313.963636
1318.604361	304.777622
1320.624766	307.738462
1322.640978	302.311888
1324.658587	301.137063
1326.673868	292.252448
1328.692408	288.116084
1330.706759	284.730070
1332.718784	290.811189
1334.734066	289.649650
1336.745163	298.927972
1338.757657	298.636364
1340.765968	298.468531
1342.777534	288.932867
1344.783062	296.261538
1346.791845	294.934965
1348.796450	290.986014
1350.804309	279.800000
1352.811706	281.949650
1354.813072	279.833566
1356.815834	279.966434
1358.818137	281.892308
1360.819980	288.960839
1362.821363	282.483217
1364.820433	276.624476
1366.819044	273.031469
1368.817197	284.579021
1370.814891	273.001399
1372.808423	274.528671
1374.803351	270.513986
1376.797821	279.206294
1378.791835	280.862937
1380.783542	287.986713
1382.774794	297.337762
1384.763740	304.519580
1386.754081	304.784615
1388.743967	307.149650
1390.731549	308.797203
1392.718678	307.050350
1394.703505	296.051049
1396.689727	298.000699
1398.673649	294.513986
1400.657118	298.523077
1402.640134	291.799301
1404.620853	294.286713
1406.602966	296.379021
1408.582783	298.291608
1410.562148	299.689510
1412.537375	297.041259
1414.515840	287.927273
1416.492012	285.126573
1418.467735	284.257343
1420.443008	287.860839
1422.415990	285.407692
1424.388524	289.096503
1426.360610	285.427273
1428.332249	291.754545
1430.299759	294.260140
1432.272343	300.586713
1434.237122	299.883916
1436.206972	300.902098
1438.172699	293.569231
1440.139818	299.451049
1442.104654	295.752448
1444.065370	296.460839
1446.031154	290.913986
1447.990983	286.385315
1449.952206	283.211888
1451.914821	287.820979
1453.873321	288.154545
1455.831378	292.025874
1457.788994	297.114685
1459.746167	298.119580
1461.701065	295.251748
1463.657356	301.639860
1465.611372	291.346154
1467.564947	294.832168
1469.516250	294.074825
1471.468946	295.013986
1473.419369	301.088811
1475.369354	300.188811
1477.318900	298.791608
1479.266177	306.928671
1481.211186	315.190210
1483.157588	308.876224
1485.103552	309.004895
1487.049079	303.127972
1488.992340	284.757343
1490.935166	282.044056
1492.875728	282.649650
1494.817681	285.497203
1496.757372	285.613287
1498.696629	288.264336
1500.635450	292.074825
1502.572012	300.647552
1504.509965	305.875524
1506.445659	304.585315
1508.380920	303.547552
1510.313925	303.186014
1512.246497	295.676224
1514.178637	298.804895
1516.110345	299.531469
1518.039799	298.590909
1519.970644	302.137762
1521.901057	305.106993
1523.827398	298.279021
1525.755130	298.838462
1527.680611	291.769231
1529.605663	284.346154
1531.530286	286.093007
1533.454480	292.510490
1535.376426	291.681818
1537.299763	297.471329
1539.220853	294.389510
1541.139700	297.644056
1543.059935	296.480420
1544.977928	292.539161
1546.895494	291.809091
1548.810818	302.524476
1550.727532	297.509091
1552.640191	304.262937
1554.556054	312.493007
1556.469677	318.949650
1558.381062	325.217483
1560.293837	328.095105
1562.202562	323.677622
1564.112676	322.776923
1566.022367	315.827273
1567.931635	306.939860
1569.838669	299.411189
1571.743470	307.306294
1573.649660	302.859441
1575.553618	307.362238
1577.457155	305.041259
1579.360272	309.693007
1581.261159	316.504895
1583.163435	311.225175
1585.063483	309.604196
1586.964918	311.825175
1588.862320	311.185315
1590.759303	304.210490
1592.655868	297.548252
1594.553821	302.583916
1596.445939	297.033566
1598.341250	299.551049
1600.236144	300.172028
1602.128816	308.581119
1604.021071	316.640559
1605.911107	314.861538
1607.800727	318.902098
1609.689932	318.113986
1611.578722	322.345455
1613.465294	319.038462
1615.353254	322.102098
1617.237197	324.081119
1619.122527	319.258741
1621.007444	322.899301
1622.890147	320.009091
1624.774237	316.112587
1626.654315	310.454545
1628.535781	303.100699
1630.415036	307.651748
1632.295677	301.238462
1634.170514	309.305594
1636.050332	319.472727
1637.926146	335.990210
1639.801549	342.721678
1641.678338	356.904895
1643.549331	358.782517
1645.423505	346.083217
1647.293680	344.525874
1649.167037	338.593007
1651.038190	348.996503
1652.907141	357.231469
1654.777477	357.792308
1656.643821	363.411189
1658.511550	372.204196
1660.377080	368.103497
1662.243996	356.198601
1664.106923	362.591608
1665.971235	333.302797
1667.833351	316.438462
1669.695062	318.249650
1671.558159	314.453147
1673.419060	320.548951
1675.277769	329.239161
1677.136074	343.380420
1678.995764	347.018182
1680.849686	358.628671
1682.706782	365.371329
1684.563475	367.432867
1686.416191	381.813986
1688.272079	376.890909
1690.123993	378.402797
1691.975506	367.082517
1693.826618	359.363636
1695.677330	346.613287
1697.527641	342.272727
1699.375767	334.153147
1701.225278	330.220979
1703.069040	328.033566
1704.917751	340.824476
1706.760716	349.818881
1708.606848	373.688112
1710.449017	390.399301
1712.294352	388.769231
1714.133946	366.690909
1715.974924	372.904895
1717.817285	365.948252
1719.655690	351.615385
1721.495478	340.150350
1723.333091	335.790210
1725.170308	326.727972
1727.005352	356.288112
1728.841779	365.385315
1730.676034	374.018182
1732.509894	379.569231
1734.343360	368.218881
1736.172881	365.957343
1738.005560	368.687413
1739.834295	363.472028
1741.666187	342.225175
1743.494137	322.072727
1745.321696	334.417483
1747.148862	343.382517
1748.975637	347.009091
1750.802020	330.328671
1752.624467	334.758042
1754.450069	345.464336
1756.271736	350.739860
1758.094785	360.570629
1759.915672	350.790909
1761.736171	351.890210
1763.558051	343.505594
1765.374231	349.508392
1767.193563	376.109091
1769.008968	376.974126
1770.827523	367.082517
1772.642153	366.081119
1774.456396	368.621678
1776.270253	371.118182
1778.083723	363.794406
1779.895040	354.980420
1781.707737	341.816783
1783.520049	329.768531
1785.328443	324.700000
1787.138217	333.272028
1788.944077	339.310490
1790.753082	344.886014
1792.558174	351.840559
1794.364647	350.252448
1796.170736	362.220280
1797.972914	367.841958
1799.778237	368.093706
1801.579651	366.491608
1803.382445	350.043357
1805.181333	330.544056
1806.981602	328.956643
1808.781489	328.279720
1810.579234	333.386014
1812.376599	338.285315
1814.173584	349.652448
1815.970188	363.508392
1817.764653	366.460839
1819.560497	361.402098
1821.350686	362.268531
1823.145772	353.245455
1824.935206	343.602797
1826.727776	321.912587
1828.518211	326.458741
1830.306512	319.590210
1832.097948	313.167832
1833.883738	310.732168
1835.670908	323.216084
1837.455946	326.763636
1839.244118	318.692308
1841.028404	331.370629
1842.810560	327.109790
1844.594096	330.931469
1846.375503	321.195804
1848.158289	304.177622
1849.937194	304.946154
1851.717479	289.790210
1853.495637	273.593007
1855.275174	278.583916
1857.052586	279.046154
1858.827874	281.816783
1860.604540	282.545455
1862.379084	291.766434
1864.155006	284.137063
1865.925307	286.588112
1867.698736	267.356643
1869.470045	276.497902
1871.240983	277.672727
1873.013299	282.618881
1874.780001	285.597203
1876.549829	296.749650
1878.315793	292.283916
1880.084880	296.002098
1881.850106	286.878322
1883.614964	286.123077
1885.381199	281.508392
1887.143575	276.996503
1888.905584	265.523077
1890.667225	281.338462
1892.428500	274.974126
1894.189407	278.595804
1895.949948	283.800699
1897.708379	290.808392
1899.466444	287.233566
1901.222402	289.837762
1902.979736	292.195105
1904.736705	298.818881
1906.491567	305.757343
1908.244325	303.759441
1909.996718	293.261538
1911.750488	300.515385
1913.502154	287.656643
1915.251718	282.811189
1917.002657	280.104895
1918.753234	279.502797
1920.499971	282.849650
1922.248085	282.639161
1923.994099	288.204895
1925.741488	292.087413
1927.486780	297.270629
1929.229974	288.651049
1930.974543	279.165734
1932.717017	287.009790
1934.459130	281.563636
1936.200883	281.487762
1937.942276	282.067832
1939.681576	281.687762
1941.420517	276.269930
1943.159099	276.598252
1944.895590	279.067133
1946.631723	285.140909
1948.369230	280.384615
1950.102915	276.524825
1951.837975	271.244755
1953.570946	270.201748
1955.303561	270.374825
1957.035820	271.736014
1958.767722	273.657343
1960.497538	276.324476
1962.225269	274.155944
1963.954375	280.338462
1965.683126	282.247552
1967.409793	290.286713
1969.136106	288.407692
1970.863792	302.604895
1972.585942	302.297902
1974.311193	301.539860
1976.032637	298.725874
1977.757182	298.325175
1979.479646	296.257343
1981.198308	298.363636
1982.920068	280.400000
1984.638026	273.849650
1986.357357	279.411189
1988.072889	278.163636
1989.793241	276.383217
1991.509795	287.794406
1993.222552	291.070629
1994.938405	285.520280
1996.652186	282.665035
1998.365617	285.390210
2000.076977	288.144056
2001.789709	290.906294
2003.498651	282.293007
2005.210685	287.837063
2006.917211	287.451748
2008.626828	278.315385
2010.334379	271.985315
2012.041581	271.357343
2013.746718	268.580420
2015.451509	266.432867
2017.157671	265.999301
2018.860051	269.890909
2020.563802	276.387413
2022.265491	283.039860
2023.966835	287.238462
2025.667833	292.588811
2027.366770	296.369231
2029.067079	298.676923
2030.763613	300.689510
2032.461518	299.040559
2034.157364	304.904895
2035.856296	301.934965
2037.549742	291.609091
2039.244559	289.298601
2040.939034	284.272727
2042.629740	282.227273
2044.323530	274.753147
2046.013553	274.295105
2047.704947	274.456643
2049.394288	272.098601
2051.084999	278.030769
2052.771947	277.386014
2054.458556	275.174126
2056.146534	270.689510
2057.830753	263.597203
2059.516343	266.609790
2061.201593	260.885315
2062.884794	263.544056
2064.569366	257.923077
2066.248475	258.423077
2067.932369	258.196503
2069.610802	261.937063
2071.292313	268.824476
2072.970072	268.920979
2074.647495	261.802797
2076.326287	270.726573
2078.003037	268.648951
2079.677745	277.534266
2081.353822	273.716783
2083.027859	275.794406
2084.701560	270.473427
2086.374926	271.037762
2088.046253	271.874825
2089.717246	268.397902
2091.387905	262.112587
2093.058230	261.180420
2094.728221	257.141958
2096.396176	261.911189
2098.063798	259.382517
2099.729385	264.489510
2101.396341	262.793706
2103.061264	265.620280
2104.725855	268.523077
2106.388414	278.931469
2108.052341	277.548951
2109.714237	276.725874
2111.375803	276.141958
2113.037037	273.296503
2114.696243	266.811189
2116.355118	268.676923
2118.013664	273.500000
2119.671880	274.075524
2121.326372	280.061538
2122.983929	286.519580
2124.641157	289.475524
2126.294663	298.288112
2127.949537	296.313287
2129.600692	297.430070
2131.254910	296.153147
2132.905411	284.420979
2134.557278	280.927273
2136.203737	281.185315
2137.854951	277.743357
2139.502451	277.945455
2141.151318	284.709790
2142.798166	284.088811
2144.444689	277.651049
2146.090886	278.970629
2147.733375	279.918881
2149.378922	278.062238
2151.020762	280.834266
2152.665659	277.950350
2154.306850	273.935664
2155.947719	280.969231
2157.588263	283.344755
2159.226795	290.521678
2160.866693	287.676224
2162.502891	280.127273
2164.140455	268.806993
2165.777697	266.151748
2167.412929	261.549650
2169.047840	265.502098
2170.682428	267.944056
2172.316696	270.139860
2173.947270	273.079720
2175.580896	283.208392
2177.210830	284.900000
2178.842129	290.190210
2180.471423	291.156643
2182.100398	289.192308
2183.729053	278.373427
2185.357389	278.681119
2186.983723	276.525874
2188.609738	279.274825
2190.233751	271.823776
2191.859130	269.476224
2193.482508	271.751748
2195.107251	268.306294
2196.728313	269.193007
2198.349058	275.101399
2199.971168	278.065035
2201.591280	276.598601
2203.209395	270.462238
2204.827195	272.682517
2206.444680	268.461538
2208.061849	266.952448
2209.678703	266.532168
2211.295241	269.816783
2212.909787	273.893706
2214.522340	274.935664
2216.136257	277.045455
2217.748183	279.019580
2219.361472	267.824476
2220.972771	263.391608
2222.582080	255.496503
2224.192753	253.445455
2225.801437	250.873427
2227.409808	258.290210
2229.016193	265.067832
2230.623941	268.896503
2232.229702	268.987413
2233.835152	280.226573
2235.438617	282.730070
2237.043445	280.186014
2238.646289	276.708392
2240.247150	280.644056
2241.849374	281.100000
2243.449616	280.003497
2245.051220	280.376224
2246.649171	291.419580
2248.248485	294.665035
2249.845819	291.726573
2251.442845	285.653147
2253.041233	286.997203
2254.635972	275.751049
2256.228734	276.630070
2257.822859	276.462238
2259.418345	273.758042
2261.010186	266.432168
2262.601721	261.799301
2264.194618	268.940559
2265.782205	277.120979
2267.374488	280.176224
2268.961465	277.406294
2270.551469	272.060839
2272.136169	272.937063
2273.725563	270.808392
2275.309655	272.659441
2276.895107	268.896503
2278.478591	265.206993
2280.065100	266.795804
2281.647976	271.975524
2283.230549	277.673776
2284.812818	279.486014
2286.391457	269.792657
2287.973121	264.045455
2289.551156	259.545804
2291.132214	256.167133
2292.709645	249.765385
2294.285113	246.292308
2295.863603	243.379371
2297.438469	249.945455
2299.013034	250.112238
2300.587299	252.816084
2302.161263	259.898252
2303.734926	267.662937
2305.308290	260.283217
2306.878035	274.816783
2308.447481	278.195804
2310.019945	283.271329
2311.587135	297.459441
2313.157343	305.138462
2314.723936	305.244755
2316.291889	307.000699
2317.857886	286.980420
2319.423586	286.841259
2320.988988	274.997902
2322.552437	267.311888
2324.117245	256.836364
2325.678445	268.257343
2327.242659	268.704895
2328.801611	283.965035
2330.363578	294.902098
2331.923593	315.102098
2333.483314	327.210490
2335.041085	326.967133
2336.598561	315.958741
2338.155743	323.745455
2339.710977	312.964336
2341.265918	303.395804
2342.820564	292.783916
2344.374917	291.852448
2345.928977	281.274126
2347.482742	283.395804
2349.034564	275.743357
2350.584442	280.198601
2352.137328	292.553147
2353.684972	303.578322
2355.235623	307.037063
2356.782683	312.323077
2358.331101	312.523077
2359.879228	322.154545
2361.423766	319.837063
2362.969662	312.026573
2364.513620	301.079021
2366.058935	302.714685
2367.600665	288.730070
2369.143752	279.865035
2370.684903	288.481119
2372.225765	281.270629
2373.766338	262.554545
2375.306622	267.515385
2376.846617	279.527273
2378.383034	293.197203
2379.922452	286.284615
2381.458293	283.223077
2382.995490	299.087413
2384.529112	319.386014
2386.065734	324.608392
2387.600426	331.013986
2389.133188	325.409790
2390.665663	314.427273
2392.196210	317.041958
2393.729755	330.246154
2395.258089	319.139860
2396.787780	324.780420
2398.317184	315.332168
2399.846304	320.418881
2401.375139	338.101399
2402.898768	358.303497
2404.427033	359.760140
2405.950096	350.558741
2407.477792	338.028671
2408.998649	330.106993
2410.524139	329.381818
2412.046068	320.516783
2413.569353	305.502797
2415.090716	301.407692
2416.610160	282.441958
2418.130959	289.283217
2419.649840	296.363636
2421.168438	315.431469
2422.685119	308.350350
2424.203154	301.488811
2425.720908	303.574126
2427.235111	309.525874
2428.749033	315.759441
2430.262675	307.994406
2431.777672	302.689510
2433.289120	293.424476
2434.801923	294.138462
2436.312812	297.941958
2437.823423	300.288811
2439.332122	308.469930
2440.843807	303.083916
2442.351949	301.492308
2443.859813	298.114685
2445.367399	298.937063
2446.871444	291.403497
2448.378474	278.630070
2449.883597	278.034965
2451.388441	274.734266
2452.891379	265.324476
2454.394041	269.741958
2455.896426	280.534965
2457.396906	285.488811
2458.898739	281.811888
2460.398667	274.609091
2461.898320	270.737063
2463.397698	263.887413
2464.895173	251.203497
2466.390746	239.301399
2467.889299	237.709790
2469.384324	240.983916
2470.880701	236.782517
2472.373552	259.029371
2473.867756	267.261538
2475.361686	266.979720
2476.852092	267.105594
2478.345476	266.984615
2479.836962	276.602797
2481.326551	275.158741
2482.815868	273.237063
2484.303289	273.955944
2485.793686	282.641958
2487.280565	289.725175
2488.768795	289.257343
2490.253508	284.267832
2491.737952	273.709790
2493.223746	268.325874
2494.707649	273.313287
2496.192902	271.819580
2497.673022	279.056643
2499.156115	277.635664
2500.637317	282.435664
2502.118250	286.823776
2503.597294	282.197902
2505.076069	275.400699
2506.554576	273.110490
2508.032815	275.233566
2509.510785	281.833566
2510.985250	287.176224
2512.462685	296.825175
2513.936616	295.797203
2515.411897	298.310490
2516.886911	292.969930
2518.358425	283.590210
2519.831288	276.318881
2521.302269	257.097902
2522.774600	248.172727
2524.241817	264.406294
2525.712001	281.106294
2527.180304	296.158042
2528.648342	299.676224
2530.116115	299.689510
2531.583623	305.150350
2533.050866	294.581818
2534.514617	286.544755
2535.979718	273.409091
2537.442942	268.657343
2538.907516	260.220280
2540.368600	260.333566
2541.831034	278.096503
2543.293205	280.144056
2544.751890	296.291608
2546.215147	300.648951
2547.673307	296.368531
2549.132816	299.203497
2550.587231	291.353147
2552.046217	288.296503
2553.503331	284.924476
2554.958574	276.318182
2556.413555	267.665734
2557.866668	249.682517
2559.321129	247.268531
2560.773720	243.355245
2562.226052	249.076224
2563.676517	245.719580
2565.129937	236.366434
2566.578275	229.444056
2568.029569	229.283217
2569.478996	226.292308
2570.924951	227.768531
2572.373861	222.539860
2573.819301	232.397902
2575.266088	236.796503
2576.711013	245.627273
2578.155679	257.373427
2579.601693	261.732867
2581.044241	271.229371
2582.488136	273.900699
2583.928566	266.389510
2585.370343	266.146853
2586.810261	262.779021
2588.251526	248.333566
2589.689329	239.667133
2591.130082	240.653147
2592.565773	237.658741
2594.004413	232.945455
2595.441195	230.108392
2596.876122	231.109790
2598.313996	245.960839
2599.746813	256.023077
2601.180977	263.092308
2602.613287	275.112587
2604.046943	279.214685
2605.478746	280.932867
2606.910295	283.490909
2608.341592	277.986014
2609.771036	268.705594
2611.200228	260.932867
2612.627570	259.067832
2614.056257	252.982517
2615.484693	261.525175
2616.909681	262.711189
2618.336016	260.455944
2619.760502	261.125175
2621.186334	265.629371
2622.608722	270.624476
2624.032456	270.481818
2625.454343	260.263636
2626.875981	252.983916
2628.295773	247.811189
2629.716911	255.795804
2631.137799	252.073427
2632.555249	263.301399
2633.975638	263.486713
2635.392590	256.159441
2636.809293	252.607692
2638.225748	259.157343
2639.641955	251.825175
2641.057914	254.860839
2642.472032	254.804895
2643.885902	258.020280
2645.297934	250.992308
2646.711309	253.900000
2648.121255	250.981119
2649.534137	250.631469
2650.943590	248.420280
2652.352797	233.395105
2653.760168	237.633566
2655.170473	245.759441
2656.578943	241.644755
2657.985577	254.113287
2659.391966	267.524476
2660.796521	272.729371
2662.202420	260.785315
2663.606486	259.361538
2665.010307	250.564336
2666.413884	244.859441
2667.815630	233.919580
2669.218719	221.722378
2670.618390	224.144755
2672.019405	217.556643
2673.417004	220.813287
2674.817533	222.456643
2676.214646	230.080420
2677.613103	232.190210
2679.009733	230.618881
2680.406120	242.393007
2681.802265	239.880420
2683.196585	249.241958
2684.592246	248.620979
2685.984499	260.452448
2687.378094	253.686713
2688.769865	248.654545
2690.162979	251.052448
2691.554269	246.179720
2692.943736	236.888112
2694.332963	236.174126
2695.721951	230.367133
2697.112280	235.290909
2698.497626	230.922378
2699.885895	238.746853
2701.272344	232.734965
2702.658554	239.045455
2704.044525	226.904196
2705.427098	231.751049
2706.811013	235.963636
2708.194690	244.727972
2709.578128	232.442657
2710.958172	239.568531
2712.339556	243.220979
2713.719126	258.336364
2715.100036	261.704196
2716.479132	261.383217
2717.856414	255.466434
2719.235037	256.215385
2720.611847	258.816084
2721.988420	260.500000
2723.364758	261.709790
2724.739285	256.455944
2726.115152	238.516783
2727.487632	226.927273
2728.863028	219.291608
2730.233464	225.416084
2731.605241	215.909091
2732.976783	216.902098
2734.346517	211.509091
2735.717592	214.937762
2737.086858	220.696503
2738.455891	220.900699
2739.823118	231.538462
2741.190112	227.334965
2742.556872	225.861538
2743.923401	220.153846
2745.288124	226.280420
2746.652615	239.948252
2748.016875	237.764336
2749.380902	250.066434
2750.744698	252.093706
2752.105120	263.555245
2753.468452	261.528671
2754.826842	249.673427
2756.188142	247.891608
2757.546072	237.999301
2758.906910	227.776224
2760.265949	219.679720
2761.621619	215.361538
2762.980197	211.929371
2764.335408	209.123077
2765.690390	214.157343
2767.043576	219.712587
2768.399668	224.893706
2769.752395	221.388811
2771.104895	219.493007
2772.457166	229.950350
2773.810776	225.830769
2775.161024	218.179720
2776.509478	213.759441
2777.860838	209.963636
2779.208838	211.262937
2780.558176	212.320979
2781.905722	212.427273
2783.253042	216.809790
2784.600135	229.042657
2785.945437	223.681119
2787.290512	229.730769
2788.635362	222.641958
2789.979986	216.476224
2791.321258	214.891608
2792.663868	205.030070
2794.006252	201.625874
2795.348411	210.172028
2796.687221	210.367133
2798.028931	222.492308
2799.367293	231.377622
2800.706991	231.233566
2802.044905	232.432168
2803.381034	230.289510
2804.716939	224.845455
2806.054182	228.860839
2807.389641	223.557343
2808.724877	215.739161
2810.058330	219.685315
2811.393120	219.122378
2812.724570	218.511189
2814.058915	222.911888
2815.388362	229.903497
2816.719146	235.000699
2818.049708	249.036364
2819.378491	251.383916
2820.708610	259.802098
2822.036951	263.414685
2823.365071	259.347552
2824.691413	252.293007
2826.019092	244.158741
2827.343437	226.129371
2828.669119	214.239860
2829.993025	207.195105
2831.316712	201.378322
2832.641734	199.851748
2833.963426	194.780420
2835.284900	201.726573
2836.606155	197.923077
2837.927191	202.100699
2839.246454	204.721678
2840.567053	201.241958
2841.885881	205.375524
2843.204490	209.766434
2844.521328	209.331469
2845.837949	214.412587
2847.154353	208.641259
2848.468987	215.856643
2849.784957	207.230070
2851.097606	209.396503
2852.411590	199.687413
2853.725358	206.102098
2855.038909	199.060839
2856.350694	197.430769
2857.660712	202.895804
2858.972065	208.342657
2860.280103	217.046853
2861.589475	221.586713
2862.898633	227.425175
2864.207575	240.202797
2865.514753	235.277622
2866.820169	234.781818
2868.126919	223.744056
2869.431906	233.081119
2870.736680	221.365035
2872.039692	231.911888
2873.345585	226.971329
2874.646624	231.435664
2875.948997	228.717483
2877.249610	221.586713
2878.551557	224.065734
2879.853290	223.623776
2881.151720	207.004895
2882.451483	210.169930
2883.749489	208.183916
2885.047283	215.551748
2886.343321	209.302098
2887.640692	224.210490
2888.936307	228.388811
2890.231711	229.366434
2891.526904	221.274825
2892.818800	222.961538
2894.113572	221.783916
2895.405047	209.450350
2896.697855	192.758741
2897.990453	200.995105
2899.279757	191.778322
2900.570393	191.683916
2901.859278	192.387413
2903.149495	210.376923
2904.436421	219.002098
2905.724679	216.661538
2907.011188	215.699301
2908.297489	213.874126
2909.583581	213.757343
2910.867925	209.102797
2912.155140	202.988811
2913.437529	207.406993
2914.721250	207.935664
2916.003225	216.725874
2917.284992	214.251748
2918.565015	224.577622
2919.847907	225.741958
2921.129054	227.312587
2922.406919	219.093706
2923.687653	210.825874
2924.965106	212.607692
2926.242353	218.041958
2927.517858	215.302098
2928.796231	216.505594
2930.069790	218.065734
2931.346216	220.076923
2932.620901	208.341259
2933.893845	210.429371
2935.168121	213.462937
2936.440657	210.525175
2937.712988	203.198601
2938.982047	197.467832
2940.253971	208.912587
2941.524157	219.037063
2942.794139	223.187413
2944.063918	229.820979
2945.331961	226.874825
2946.598267	228.372028
2947.864372	222.181818
2949.131806	221.690210
2950.397506	225.691608
2951.663003	221.927273
2952.928298	212.701399
2954.190328	208.145455
2955.453688	217.453147
2956.716847	221.430769
2957.978274	226.648252
2959.241030	227.432168
2960.502054	229.661538
2961.761348	232.409790
2963.020442	225.827273
2964.279335	219.880420
2965.538028	214.814685
2966.796521	212.445455
2968.053285	199.786713
2969.309849	199.472028
2970.564686	195.317483
2971.820851	196.561538
2973.073762	193.715385
2974.328002	198.502098
2975.582043	205.400699
2976.834358	206.153846
2978.086474	201.053147
2979.336866	204.179021
2980.590113	198.484615
2981.838583	198.444056
2983.089908	194.353147
2984.337983	200.101399
2985.585862	196.710490
2986.833543	199.579021
2988.081027	193.442657
2989.326790	197.378322
2990.572357	195.860140
2991.819251	198.230070
2993.062901	201.465734
2994.307879	201.262937
2995.549613	194.343357
2996.794199	198.123077
2998.037066	205.830769
2999.276692	219.991608
3000.519168	216.975524
3001.758404	220.892308
3002.998968	219.555944
3004.237816	217.767133
3005.476468	204.897203
3006.713406	195.154545
3007.951670	184.786014
3009.188219	172.258042
3010.424575	167.137063
3011.660737	170.198601
3012.895185	169.697902
3014.129441	167.544755
3015.363503	159.451049
3016.595853	172.456643
3017.826491	180.797902
3019.059975	187.441958
3020.291747	187.987413
3021.521809	191.036364
3022.751679	187.449650
3023.979839	186.795804
3025.209325	192.102797
3026.437102	195.989510
3027.664688	190.359441
3028.893601	186.490909
3030.117771	186.218182
3031.344784	189.579021
3032.568573	194.097902
3033.793689	193.409790
3035.017098	186.327273
3036.240317	182.296503
3037.461831	173.714685
3038.686186	175.647552
3039.905806	180.125874
3041.126752	180.133566
3042.347509	175.667133
3043.566562	181.248252
3044.786940	183.111189
3046.004102	179.246853
3047.222590	181.469930
3048.439375	179.256643
3049.655973	178.535664
3050.872382	188.840559
3052.085579	187.787413
3053.301613	197.370629
3054.514435	200.474825
3055.730094	197.597902
3056.941030	189.261538
3058.153291	191.334266
3059.365366	184.192308
3060.577253	178.413986
3061.787444	186.554545
3062.997448	188.206643
3064.207266	186.590909
3065.415388	191.882168
3066.623325	184.480420
3067.829566	187.870280
3069.037132	178.995105
3070.243003	175.747203
3071.448690	171.267832
3072.654191	181.917832
3073.857999	168.174825
3075.063131	174.880769
3076.266570	178.227972
3077.468318	176.133916
3078.669881	181.928671
3079.871261	184.289510
3081.072457	181.786014
3082.271963	181.305594
3083.471286	176.098601
3084.671932	176.025874
3085.870888	174.494406
3087.066650	173.911888
3088.265241	157.219580
3089.460638	155.697203
3090.657358	147.234965
3091.850886	151.988112
3093.047242	161.711888
3094.241912	164.641958
3095.433391	170.295105
3096.629201	178.373427
3097.820318	186.975524
3099.012757	188.553846
3100.202009	192.113287
3101.394086	190.658042
3102.584480	186.081119
3103.771688	177.762238
3104.960219	173.725175
3106.150071	171.121678
3107.336740	168.737762
3108.523228	155.701399
3109.709538	142.434965
3110.897169	148.561538
3112.081618	147.670629
3113.264388	146.705594
3114.449980	152.647552
3115.633893	157.794406
3116.816127	167.491608
3117.998182	175.505594
3119.180059	183.379021
3120.361758	182.086713
3121.541780	173.384615
3122.720125	165.502098
3123.901290	157.850350
3125.079280	159.025175
3126.257094	147.513986
3127.434730	143.896503
3128.610691	148.025874
3129.786475	145.860140
3130.963581	154.306993
3132.139012	160.251748
3133.312770	163.082517
3134.484855	166.812587
3135.658262	171.298601
3136.831492	186.567832
3138.003051	183.154545
3139.175930	186.094406
3140.345642	179.593007
3141.516675	185.210490
3142.686038	182.691608
3143.853730	174.862238
3145.024238	175.708392
3146.190088	175.869231
3147.360246	171.704895
3148.525748	165.152448
3149.691075	158.837063
3150.856229	163.573427
3152.021210	166.725874
3153.187510	171.569231
3154.349158	165.601399
3155.512125	169.920979
3156.674920	165.097902
3157.837542	164.000699
3158.998499	166.290210
3160.159283	169.016084
3161.319895	162.588811
3162.478843	153.213986
3163.637620	149.064336
3164.796225	154.848951
3165.954657	160.613287
3167.112919	164.167832
3168.269518	159.783916
3169.424456	160.102797
3170.580713	164.225874
3171.735309	165.008392
3172.889735	166.384615
3174.042501	171.277622
3175.195096	174.753147
3176.347522	170.815385
3177.499778	170.417483
3178.651863	169.480420
3179.800803	170.782517
3180.952549	178.609091
3182.102637	173.834266
3183.251069	176.265035
3184.399331	177.858042
3185.547425	175.273427
3186.695350	166.388811
3187.841619	165.958741
3188.987720	166.367832
3190.132167	162.341259
3191.276446	169.190210
3192.420557	168.573427
3193.565985	170.727273
3194.708275	176.458741
3195.850398	173.351049
3196.992353	184.649650
3198.134141	183.837762
3199.275762	176.332867
3200.414248	167.061538
3201.554051	167.366434
3202.695172	168.318182
3203.833158	168.202797
3204.969495	166.837762
3206.105666	166.030769
3207.243154	162.216084
3208.378994	161.090909
3209.516151	157.073427
3210.648695	152.213986
3211.785521	143.232168
3212.917735	140.373427
3214.051266	135.627972
3215.184633	139.606993
3216.314872	142.732867
3217.447909	139.668531
3218.577820	144.637063
3219.709047	152.067133
3220.837150	154.325175
3221.968049	161.049650
3223.097304	155.262238
3224.224916	147.657343
3225.349405	155.745455
3226.478170	162.941259
3227.603813	160.044755
3228.729294	158.524476
3229.853133	152.939161
3230.979766	146.958741
3232.101802	142.209790
3233.225154	137.083916
3234.348344	133.781818
3235.471372	135.595105
3236.592760	134.500000
3237.713986	140.562937
3238.833575	153.522378
3239.953002	158.406993
3241.070791	154.659441
3242.191372	158.483916
3243.308840	157.911888
3244.426147	161.788811
3245.543294	152.353846
3246.658805	150.544056
3247.775630	145.404196
3248.889346	143.113986
3250.005851	138.488112
3251.120722	142.936364
3252.232484	141.740559
3253.344086	134.812587
3254.457004	128.030769
3255.569762	141.031469
3256.679414	138.393706
3257.790381	148.658042
3258.901189	143.755245
3260.010365	150.790909
3261.117911	149.289510
3262.226770	155.035664
3263.335472	158.361538
3264.441071	167.139161
3265.547984	162.891608
3266.653268	169.168531
3267.759866	165.810490
3268.863364	173.846853
3269.968177	175.913986
3271.072832	175.069930
3272.174388	168.347552
3273.275788	168.313986
3274.378502	168.718182
3275.481060	170.637063
3276.580521	164.610490
3277.682766	157.293706
3278.781915	142.413986
3279.879440	138.081119
3280.976809	135.401399
3282.076960	142.339161
3283.174019	148.593007
3284.270922	144.415385
3285.367670	145.563636
3286.459860	148.597902
3287.556298	152.263636
3288.651114	153.537762
3289.745776	151.989510
3290.838816	153.504895
3291.931701	155.079021
3293.022967	161.134266
3294.115544	171.704196
3295.206502	168.621678
3296.295840	163.880420
3297.385025	157.131469
3298.475523	151.916084
3299.562936	146.254545
3300.650196	137.470629
3301.738769	138.974126
3302.827190	131.913287
3303.911063	133.300000
3304.999178	133.950350
3306.084211	135.680420
3307.167629	135.672028
3308.252359	129.379021
3309.335473	133.167832
3310.419900	136.302797
3311.501248	144.890909
3312.583908	147.178322
3313.664954	141.632867
3314.745849	142.546154
3315.825130	141.866434
3316.904261	142.695804
3317.984704	132.430769
3319.062072	136.153846
3320.140752	136.485315
3321.217820	135.957343
3322.294739	139.613986
3323.370046	145.427273
3324.445204	136.846154
3325.521673	134.315385
3326.595072	123.392308
3327.668322	125.048951
3328.742882	131.453846
3329.815834	138.002098
3330.887177	132.712587
3331.959831	143.272028
3333.029419	145.935664
3334.100317	144.766434
3335.169608	147.512587
3336.240210	146.260839
3337.309205	135.841259
3338.376594	145.968531
3339.442378	141.525175
3340.512388	139.997203
3341.579335	143.297902
3342.643220	149.232867
3343.709873	143.408392
3344.774921	143.974126
3345.838366	135.809091
3346.901665	131.716783
3347.964817	130.696503
3349.027823	125.185315
3350.090683	130.102797
3351.151941	135.215385
3352.210142	127.362937
3353.272563	125.186014
3354.331929	126.430769
3355.391149	130.419580
3356.451679	138.148252
3357.507699	142.306993
3358.566483	145.571329
3359.620760	145.886014
3360.677801	144.135664
3361.733243	144.889510
3362.789995	145.460839
3363.845148	137.547552
3364.898704	127.860140
3365.950664	123.569231
3367.005385	121.013287
3368.057057	122.527972
3369.108586	128.385315
3370.161423	130.369930
3371.211213	130.264336
3372.262312	124.426573
3373.310365	124.999301
3374.361177	132.825175
3375.408945	137.010490
3376.456570	136.403497
3377.504052	139.090210
3378.549942	138.350350
3379.597140	126.374126
3380.641296	125.476224
3381.688210	124.899301
3382.733532	120.688811
3383.775813	114.756643
3384.817954	113.228671
3385.861402	112.554545
3386.904709	121.155944
3387.946427	130.030070
3388.988003	138.523776
3390.029438	137.460839
3391.069285	131.880420
3392.107543	119.454545
3393.147109	125.334266
3394.186535	121.644755
3395.224373	112.239860
3396.260624	106.558741
3397.296736	108.611189
3398.334155	114.260140
3399.368541	127.697902
3400.404234	134.851748
3401.439788	139.581818
3402.472311	135.385315
3403.507587	146.468531
3404.539832	148.800000
3405.571939	147.904895
3406.602462	143.574825
3407.634292	130.341958
3408.665984	127.197902
3409.694648	124.592308
3410.723175	120.439860
3411.753008	116.829371
3412.782704	109.656643
3413.809374	108.344056
3414.837351	115.027972
3415.862303	134.859441
3416.890005	137.225175
3417.914684	137.281818
3418.940669	143.844755
3419.965074	143.205594
3420.989343	144.176224
3422.012033	137.455245
3423.034587	128.262238
3424.058447	122.167832
3425.079287	118.534266
3426.099991	119.109990
3427.122002	120.951798
3428.140994	123.584515
3429.159850	126.532967
3430.180013	129.321978
3431.197159	131.476374
